7053.7002
7028.2002
7062.8999
7052.1001
6994.6001
7060.5
7096.7998
7075.2998
7064.2998
7089.7998
7015.3999
6937.3999
6961.7998
6833.5
6809.5
6773
6891.3999
6855
6895.2998
6991
7019.7002
7037.7002
7022.5
6962.2998
6945.2002
6837.6001
6804.1001
6740.6001
6761.1001
6721.5
6702.7998
6876.5
6911.7998
6961.1001
6919.2002
6889.1001
6940.6001
6946.7002
6949.7002
6935.3999
6949.6001
6912.2002
6915.2002
6888.8999
6898.1001
6898.1001
6857.1001
6873.5
6828.1001
6818.2002
6829.1001
6837.2002
6853.3999
6865.8999
6860
6871.7998
6782.6001
6749.3999
6810.6001
6825.8999
6811.6001
6852.3999
6832.7998
6796.6001
6728
6620.1001
6585.5
6550.2998
6498.7998
6388.5
6542.2002
6501.3999
6501.1001
6570
6419.7998
6366.5
6417.2002
6547.7998
6566.1001
6547
6633.5
6609.8999
6598.2002
6576.7002
6545.2998
6466
6336.5
6331.7998
6182.7002
6300.6001
6461.7002
6500
6529.5
6672.2002
6742.7998
6679.3999
6716.6001
6742.1001
6656.3999
6722.6001
6723.3999
6729.2002
6731.1001
6729.7998
6750.7998
6678.8999
6696.6001
6709.1001
6672
6654.3999
6635.5
6611
6627.3999
6611.2998
6567.2002
6551.2002
6539.1001
6454
6488
6546.5
6463.6001
6453.8999
6402.2002
6363.5
6388.7002
6419.2002
6399.7002
6372.2998
6267.1001
6310.2998
6195.8999
6211.6001
6392.7002
6366.2002
6340
6431.8999
6482.2002
6495.6001
6563.7002
6527.8999
6446.3999
6557.5
6622.7002
6646.6001
6649.3999
6639.7002
6706.2998
6676.1001
6773.6001
6837.8999
6819.2998
6780.8999
6792.2002
6804.2002
6807
6799.6001
6830.1001
6829
6834.7998
6855.1001
6878
6873.6001
6829.2002
6825.2998
6819.7998
6805.7998
6830.7002
6822.7998
6775.2998
6777.7002
6755.5
6779.2998
6741.2998
6689.1001
6685.2998
6656.7002
6632.3999
6632.7998
6567.3999
6597.3999
6636.2002
6682.5
6677.5
6679.2002
6730.1001
6773.3999
6807.7998
6788.1001
6791.6001
6821.5
6798.2002
6795.2998
6728.3999
6749.5
6738.2998
6784.7002
6710.5
6746.1001
6690.2002
6672.3999
6718
6738.5
6823.5
6866.1001
6865.2002
6816.3999
6802.8999
6743.8999
6757.7998
6735.1001
6733.6001
6787.1001
6800.6001
6825.2002
6808.1001
6778.6001
6766.7998
6754.6001
6777.8999
6843.1001
6838.8999
6873.6001
6875
6858.2002
6813.5
6818.6001
6836.2998
6864.1001
6844.5
6871.2998
6851.2002
6844.8999
6815.7998
6820.6001
6821
6802
6844.6001
6855.7998
6840.8999
6878.5
6873.1001
6851.7998
6814.6001
6839.2998
6796.3999
6798.6001
6822.3999
6808.8999
6780
6769.8999
6700.2002
6685.7002
6703
6674.7002
6681.7998
6625.2998
6584.2002
6541.6001
6583.7998
6561.7002
6642
6635.6001
6590.7002
6622.7998
6695.6001
6649.1001
6659
6652.6001
6598.3999
6615.6001
6588.2998
6605.2998
6604.8999
6520.3999
6557.2002
6542.3999
6573.1001
6605.2998
6568.3999
6527.8999
6553.7998
6620.8999
6685.5
6689.5
6712.7002
6788.5
6775.3999
6823.7998
6708.3999
6809.7002
6810.2998
6799.2002
6830.5
6865.8999
6838.1001
6813
6796.7002
6796.3999
6736
6663.6001
6659.3999
6675
6672.7002
6591.6001
6571.7002
6558.2998
6457.8999
6449.2998
6465.7002
6510.3999
6538.5
6544.2998
6572.2998
6550.7002
6663.7002
6773.2998
6826.2998
6834.2998
6836.7002
6829.2998
6815.3999
6819.8999
6766.8999
6757.2002
6739.8999
6691.2998
6721.7998
6755.5
6730.7002
6730.7002
6717.8999
6749.1001
6749.1001
6731.2998
6750.8999
6694.2002
6694.2002
6694.2002
6678.6001
6606.6001
6584.7002
6492.1001
6486.2002
6522.2002
6440
6445.2998
6507.7002
6523.2998
6559.5
6552
6498.2998
6510
6532.3999
6595.2998
6650.6001
6654.5
6649.5
6636.2002
6694.6001
6674.2998
6681.2998
6681.1001
6698
6723.5
6693.3999
6666.1001
6630
6726.7998
6728.3999
6708.3999
6697.2002
6741.7002
6746.7998
6763.6001
6734.7002
6731.3999
6777.7002
6774.7002
6725.7998
6721.2998
6713.2002
6674.5
6695.7002
6654.2002
6622.6001
6576.2002
6571.6001
6549.1001
6507.7002
6487.2002
6430.5
6337.8999
6365.7998
6437.2998
6453.8999
6449
6437.5
6460
6462.2002
6512.7002
6565.6001
6551.5
6571.5
6557.3999
6596.3999
6625.3999
6558.7998
6570.2002
6622.8999
6583.7998
6589
6588.3999
6584
6530.7002
6547.2998
6532.3999
6474.7002
6468.3999
6506.2002
6412.8999
6483.1001
6430.1001
6441
6492.1001
6492.1001
6446.8999
6390.7998
6453.5
6465.7002
6500
6483.2998
6587.3999
6611.8999
6574.2998
6583.3999
6529.7002
6511.2002
6604.2002
6619.6001
6647.8999
6682
6621.1001
6571
6560.2998
6554.7998
6588
6620.3999
6597.3999
6623.2002
6630.7002
6634.3999
6571.8999
6556.3999
6586.1001
6544.8999
6543.3999
6505
6513.1001
6450.1001
6375.5
6421.7002
6229.8999
6303.8999
6307.7998
6215.5
6243.3999
6165.5
6101.8999
6029.1001
6116.2002
6159.5
6348.7998
6374.2002
6330.5
6308.2998
6304.6001
6299.5
6340.1001
6400.5
6412
6336.1001
6419.2998
6558.6001
6525.1001
6583.1001
6657
6627.2002
6762
6654.2998
6654.2998
6696.7998
6840.2998
6803.8999
6755.6001
6723.1001
6687.7998
6693.6001
6686.1001
6631.7998
6625
6592.7002
6583.5
6557.2998
6521.5
6521.5
6460.7002
6451.2998
6430.1001
6458
6426.3999
6442.6001
6431.7998
6406.1001
6280.6001
6286.6001
6243.7002
6244.2002
6304.6001
6343.6001
6384.3999
6416.1001
6387.3999
6313.2002
6276.8999
6249.7998
6344.1001
6420.2998
6490.7002
6411.7002
6411.7002
6411.7002
6387.6001
6399.3999
6378.3999
6392.7998
6388.6001
6432.7002
6441.2998
6457.8999
6489.7002
6529.3999
6481.5
6510.6001
6503.6001
6483.6001
6439.2002
6427.6001
6432
6345.6001
6378.6001
6360.7998
6325.8999
6270.3999
6355.3999
6335.7002
6291.5
6395.3999
6379.1001
6318.2002
6328.2998
6327.3999
6359.1001
6338.3999
6277.1001
6263.8999
6228.3999
6295.2998
6282.7998
6246.7998
6347.2002
6276.8999
6323.1001
6339.2002
6294.3999
6284.5
6264.8999
6197.6001
6179.2002
6181
6154.3999
6132.3999
6104
6117.2998
6107.8999
6121.6001
6101.5
6098.7002
6053.6001
6064.6001
6089.7998
6047.2998
6027.3999
5897.7998
5897.7998
5925.3999
5954.2998
5954.2002
5954.2002
5954.2002
5940
5958.2998
5961.6001
5935.8999
5912.2002
5921.7998
5929.6001
5945.8999
5925
5921.6001
5914.3999
5901.3999
5892.1001
5869
5871.2002
5866.7998
5870.2998
5803.2998
5799.7002
5786.7002
5819.1001
5791
5752
5748.1001
5737.7002
5605.6001
5677.7998
5722
5786.2998
5767.2998
5769.7002
5776.1001
5791.6001
5884.8999
5839.1001
5868.6001
5861.8999
5782.7002
5849.8999
5795.1001
5806.7002
5805.1001
5804.7998
5797.8999
5882.8999
5896.2002
5917.1001
5910.8999
5870.5
5805.6001
5793.2998
5829.7998
5776.7002
5810.2998
5841.7002
5871
5827.7998
5825.7998
5809.5
5820.5
5742.1001
5779.3999
5768.1001
5859.7002
5838.7998
5852.6001
5854.6001
5888.5
5868.2002
5893.5
5915.6001
5819.8999
5782.1001
5792.2002
5793.2002
5794.7998
5777.2998
5657.8999
5672
5758.3999
5711.5
5719.5
5743.5
5775.7002
5776.6001
5776.6001
5776.6001
5774.2002
5857.5
5824.3999
5852.3999
5834.5
5833
5864.7998
5831.8999
5847.1001
5851.5
5845.8999
5841.2002
5808.7998
5787.2998
5662.2998
5712.7998
5635.2998
5693.6001
5627.2002
5573.2002
5498.2998
5499.2002
5533.8999
5651.7998
5714.2002
5685.7998
5629.1001
5662.3999
5666.1001
5608.2998
5664.5
5664.1001
5627.2998
5662.6001
5692.6001
5684.5
5687.7002
5640.6001
5571.2002
5493.1001
5523.8999
5447
5450.7002
5513.7002
5566.3999
5622.2998
5586.2998
5491.1001
5478.7998
5467.1001
5483.7998
5473.7002
5432.3999
5435.1001
5447.7998
5384.1001
5260.2002
5260.2002
5260.2002
5320.8999
5297.2998
5391.1001
5356.2998
5351.5
5350.1001
5266.3999
5403.2998
5304.5
5267.6001
5338.3999
5405.2998
5437.6001
5465.5
5575.5
5544
5530.1001
5554.6001
5655.1001
5655.1001
5766.6001
5758.1001
5812.2002
5737.7998
5777.1001
5748.7002
5718.8999
5709.5
5665.6001
5772.2002
5744.6001
5745.2998
5767
5666.2998
5651.7998
5710.5
5634.7002
5595.6001
5723.7002
5723.7002
5723.7002
5703.7998
5838.2998
5874.8999
5768.5
5742
5809
5869.6001
5902.7002
5854.8999
5845.7002
5892
5891.3999
5961.1001
5965.6001
5940.7002
5945.3999
5955.8999
5892.7998
5887.5
5859.7002
5791.3999
5765.7998
5874.7998
5911.1001
5931.2998
5871.5
5927.8999
5915.6001
5935.1001
5937.8999
5916.6001
5928.2002
5945.2998
5905.1001
5885.3999
5892.2002
5899.8999
5905.7002
5852.3999
5895.5
5875.8999
5890.2998
5892.2002
5901.1001
5796.1001
5790.7002
5681.6001
5671.1001
5733.5
5795.2002
5723
5751.8999
5782.6001
5728.6001
5741.2002
5702.3999
5694
5657.3999
5636.6001
5662.3999
5670.7998
5696.7002
5612.2998
5649.7002
5624.2998
5668.5
5699.8999
5572.2998
5572.2998
5566.7998
5507.3999
5512.7002
5512.7002
5512.7002
5457
5389.7002
5419.6001
5365
5387.2998
5400.8999
5366.7998
5490.2002
5427.8999
5529.2002
5483.7998
5546.8999
5568.7002
5568
5552.2998
5489.2998
5505.3999
5337
5312.7998
5164.7002
5127.6001
5139.7998
5206.7998
5222.6001
5362.8999
5423.1001
5509
5517.3999
5519
5545.3999
5444.7998
5460.3999
5567.2998
5510.7998
5527.2002
5545.6001
5484.1001
5421.6001
5544.2002
5702.2002
5713.7998
5553.2002
5525.5
5548.1001
5488.7002
5384.7002
5450.5
5410.3999
5436.7002
5466.3999
5403.3999
5441.7998
5395.7002
5399
5303.3999
5291.2998
5102.2002
4944.3999
5075.5
5128.5
5196.7998
5217.6001
5294.1001
5089.3999
5066.7998
5041.6001
5288.3999
5363.7002
5259.6001
5368.3999
5337.5
5227
5174.2998
5129.6001
5214.7002
5340.3999
5318.6001
5156.7998
5102.6001
5292
5418.7002
5394.5
5268.7002
5129.8999
5129.8999
5131.1001
5205.8999
5129.3999
5095.2998
5040.7998
5092.2002
5331.6001
5357.6001
5350.6001
5320
5162.7998
5007.2002
5164.8999
5069
5247
5393.1001
5584.5
5718.3999
5774.3999
5815.2002
5873.2002
5856.6001
5929.7002
5925.2998
5935
5899.8999
5853.7998
5790
5752.7998
5843.7002
5847
5906.3999
5869
5929.2002
5990.6001
6054.6001
6002.8999
6024
6017.5
5989.7998
5945.7002
5856
5766.8999
5722.2998
5697.7002
5674.3999
5773
5775.2998
5693.3999
5714.8999
5698.7998
5742.6001
5803.1001
5773.5
5765.7998
5856.2998
5808.8999
5864.7002
5863.2002
5855
5847.8999
5928.6001
5990
5938.8999
5938.8999
5881
5870.1001
5858.3999
5835.8999
5948.5
5956
5923.5
5861
5923.7002
5925.8999
5945
5976
6018.8999
5942.7002
5976.7998
5920
5984.1001
6082.8999
6069.8999
6069.8999
6069.8999
6068.2002
6069.3999
6018.2998
6018.2998
6018.2998
6022.2998
5896.8999
5870.1001
5996
5963.7998
6010.3999
5964.5
6053.3999
6055.7998
6007.3999
6041.1001
6007.1001
6017
6009.8999
5908.7998
5948.2998
5932.2002
5904.5
5900.7998
5880.8999
5795.8999
5762.7002
5786.1001
5718.1001
5696.1001
5598.2002
5695.2998
5775.2002
5828.7002
5845.2998
5937.2998
5974.7998
5973.7998
5990.3999
6005.1001
5914.8999
5935.7998
5994
6001.2002
5920
5923.5
5996.7998
6014.7998
6083
6087.3999
6085.2998
6037.1001
6060.1001
6062.8999
6020
6052.2998
6091.2998
6051
5997.3999
5983.2998
6000.1001
5957.7998
5862.8999
5881.3999
5965.1001
5969.2002
5917.7002
5943.8999
5896.2998
5867.8999
5976.7002
6056.3999
5985.7002
6002.1001
6023.8999
6050.7002
6014
5956.2998
5984.2998
6019.5
6043.8999
6013.8999
5899.8999
5899.8999
5971
5996.3999
6008.8999
6008.8999
6008.8999
5996.1001
5983.5
5951.7998
5891.6001
5871.7998
5881.1001
5882.2002
5891.2002
5860.7998
5813
5808
5794.5
5808.5
5770.2998
5745.2998
5767.6001
5642.5
5528.2998
5551
5668.7002
5698.8999
5657.1001
5581.2998
5680.7998
5732.7998
5768.7002
5692.6001
5681.8999
5820.3999
5796.8999
5815.2002
5816.8999
5875.2002
5850
5875.3999
5862.7998
5749
5757.3999
5694.6001
5675.2002
5677.8999
5646
5707.2998
5752
5741.3999
5757.8999
5728.8999
5703.8999
5742.5
5703.3999
5727.2002
5747.3999
5661.6001
5672.3999
5657.6001
5662.1001
5681.3999
5635.7998
5556
5592.8999
5548.6001
5569.2998
5578.3999
5573.3999
5598.5
5547.1001
5551.8999
5576.2002
5602.5
5508.5
5540.1001
5555.6001
5567.3999
5565.5
5501.6001
5494.2002
5429.7002
5407.7998
5439.2002
5428.2002
5371
5366.3999
5225.2002
5201.6001
5201.6001
5155.7998
5109.3999
5156
5234.7998
5195.2998
5211.2998
5302.8999
5350.6001
5276.1001
5275.3999
5266.1001
5245.2002
5376.3999
5410.5
5332.3999
5365.7998
5386.2002
5396.5
5397.1001
5258
5314
5319.7002
5365.7002
5351.1001
5312.6001
5313.7998
5214.6001
5139.5
5148.2998
5158.8999
5211.2998
5253.5
5271
5167
5132.8999
5105.5
5014.7998
4965
4823.5
4838.1001
4805.7998
4916.8999
4914.2002
5071.7002
5046.5
5100.2002
5178.5
5247
5299.1001
5250.7998
5253.8999
5237.8999
5217.7998
5202.1001
5163.7002
5132.5
5085.8999
5028.2002
5069.1001
5126
5211.2002
5151.2998
5163.2998
5188.3999
5188.3999
5195.2002
5038.1001
4940.7002
5069.6001
5062.8999
5073.1001
5158.1001
5307.2998
5262.5
5262.8999
5433.7002
5383.5
5334.2002
5387.3999
5123
5261
5341.8999
5411.1001
5553.2998
5553.2998
5617.7998
5586.6001
5603.5
5753.8999
5723.7002
5665.2998
5723.3999
5783.7002
5727.8999
5744
5825
5796.2998
5761.7002
5777.7002
5771
5712.7002
5762.1001
5780.3999
5744.8999
5744.8999
5744.8999
5679.6001
5672.2998
5710.7002
5703
5727.7002
5677.8999
5673.6001
5644.5
5650.1001
5642.6001
5644.6001
5620.3999
5593.8999
5625.7002
5617.2998
5640.6001
5602.2998
5606.7002
5599.7998
5527.2002
5533.2002
5484.1001
5405.8999
5354.5
5278.2002
5342.8999
5315.1001
5352.1001
5358.2002
5325.1001
5276.6001
5244.1001
5167.5
5142.5
5161.5
5132
5111.7998
5092.2998
5060.8999
5139.2998
5253.2002
5283.2998
5247.3999
5188.5
5145.7002
5217.5
5276.8999
5260.2998
5303
5335.1001
5420.7998
5513.1001
5494.3999
5455.3999
5498.2002
5473.5
5498.7002
5538.1001
5534.2002
5526.7002
5530
5522.5
5500.2998
5412.8999
5412.8999
5397.8999
5437.6001
5402.3999
5402.3999
5402.3999
5372.3999
5328.7002
5294
5196.7998
5217.6001
5320.2998
5285.7998
5315.2998
5261.6001
5244.3999
5203.8999
5223.1001
5310.7002
5322.3999
5313
5327.3999
5312.2002
5190.7002
5245.7002
5194.1001
5364.7998
5324
5355.5
5251.3999
5267.7002
5342.1001
5345.8999
5382.7002
5296.3999
5276.5
5266.7998
5230.6001
5235.2002
5142.7002
5125.6001
5107.8999
5037.2002
5104.5
5044.6001
5137.7002
5080.3999
5201
5191.7002
5242.6001
5207.3999
5257.8999
5243.3999
5281.5
5190.2002
5223
5256.1001
5154.2002
5210.2002
5161.8999
5154.6001
5108.8999
5138
5024.2998
4988.7002
5047.7998
5133.8999
5159.7002
5165.7002
5082.2002
5079.2998
5139.3999
5142.6001
5134.3999
5172.8999
5164
5124.1001
5042.1001
5018.8999
5011.5
4987.7002
5004.2998
4947.2998
4933.2002
4851.7002
4796.7998
4817.6001
4819.7002
4908.8999
4908.8999
4869.3999
4890.6001
4916.7998
4896.2002
4850.8999
4756.6001
4689.7002
4685.7998
4645
4714
4755.5
4716.7998
4671.2998
4722.2002
4731.6001
4690.5
4647.1001
4671.3999
4682.5
4608.3999
4631.6001
4547.5
4528.7998
4586.1001
4576.6001
4559.7998
4493.7002
4481.2002
4443.6001
4388.7998
4361.7998
4346.5
4237.7002
4202.1001
4127.2002
4158.7002
4140.2002
4187
4194.8999
4236.2998
4234.2998
4340.7002
4249.2002
4294
4241
4252.6001
4280
4230
4234.1001
4345.8999
4280.8999
4278.5
4328.6001
4326
4442
4461.8999
4436.7998
4404.7998
4405.2002
4438.6001
4386.8999
4383.3999
4477
4506.2002
4417.8999
4387.5
4416.2002
4411.7002
4365.2998
4365.2998
4345.5
4468.3999
4482.2998
4446.5
4348.1001
4362.6001
4331.3999
4425.5
4435.5
4462.1001
4398.7002
4396.5
4336.8999
4243.2002
4243.2002
4243.7002
4189.6001
4096.3999
4167
4156
4018.19995
4030.69995
3987.5
3990.8999
4092.80005
4053
3968.3999
3989
3983.69995
3983.69995
3983.69995
3925.5
3930.5
3993.5
4029.69995
4125
3955.6001
3926.1001
3762.8999
3898.8999
3925.19995
3900.30005
3911.5
3952.80005
3842.8999
3816.8999
3805
3857.1001
3864
3753.69995
3712.1001
3693.80005
3715.19995
3542.3999
3530.69995
3529.8999
3645.8999
3512.1001
3625.80005
3830.1001
3915.6001
3849
3816.3999
3850.69995
3889.1001
4018.3999
4006.80005
4034.1001
4134.7998
4189.6001
4202.2002
4234.2998
4213.1001
4307.6001
4291.8999
4228.8999
4228.6001
4164.5
4077.80005
4149.6001
4190.1001
4295.2002
4194.3999
4209
4052.5
4052.19995
4059.8999
4091.3999
4108.5
4147.1001
4121.1001
4180.6001
4399.2002
4426.2002
4448.5
4505.3999
4507.5
4638.8999
4579.6001
4561.7998
4434.2002
4434.2002
4392.7002
4319.3999
4216.6001
4216.6001
4216.6001
4256
4249.2002
4286.8999
4330.7002
4324.2002
4309.1001
4277.6001
4280.3999
4388.7002
4367.2998
4381.2998
4300.1001
4049.3999
4163.6001
4170
4122.8999
4065.5
4288
4226.1001
4152.7002
4171.2998
4153
3781
3875
4005.69995
4208.6001
4132.2002
4233
4169.2002
4182
4246.7002
4403.8999
4365
4272.3999
4530.7002
4639.5
4443.2998
4377.2998
4291.7002
4242.5
3926.3999
3852.6001
3883.3999
4087.80005
4040.8999
4229.7002
4282.7002
4063
3861.3999
4079.6001
4394.2002
4256.8999
3932.1001
4313.7998
4366.7002
4605.2002
4589.2002
4980.2998
4870.2998
4959.6001
4902.5
4818.7998
5088.5
5197
5095.6001
5136.1001
5236.2998
5311.2998
4880
4912.3999
5025.6001
5204.2002
5416.7002
5318.3999
5366.2002
5415.6001
5446.2998
5240.7002
5362.1001
5499.7002
5620.7002
5602.7998
5636.6001
5601.2002
5528.2002
5470.7002
5505.6001
5505.6001
5370.2002
5371.7998
5320.3999
5450.2002
5454.7998
5497.5
5448.6001
5534.5
5541.7998
5489.2002
5477.5
5486.1001
5454.5
5320.2002
5354.7002
5411.8999
5420.7002
5319.2002
5312.6001
5352.6001
5362.2998
5449.8999
5364.2002
5404.2998
5376.3999
5286.2998
5150.6001
5171.8999
5300.3999
5261.6001
5406.7998
5529.6001
5440.5
5512.7002
5412.7998
5476.6001
5426.2998
5479.8999
5625.8999
5530
5518.2002
5666.1001
5634.7002
5667.2002
5620.7998
5708.3999
5756.8999
5861.8999
5794.6001
5802.7998
5790.5
5723.2998
5827.2998
5877.6001
5906.7998
5995.2998
5970.1001
6057.7002
6007.6001
6053.5
6068.1001
6069.6001
6058.5
6087.2998
6087.2998
6181.6001
6198.1001
6191.6001
6376.5
6304.2998
6251.7998
6216
6211.8999
6220.7002
6204.7002
6270.7998
6261
6215.2998
6215.5
6215.5
6087.2998
6087.2998
6089.3999
6090.3999
6091.3999
6050.7002
6083.6001
6034.7002
6053
6056.6001
5980.3999
6046.2002
5906.8999
5831.6001
5895.5
5965.1001
5983.8999
5990.2002
6014.7998
5947.1001
5891.2998
5915.8999
5852.6001
5702.1001
5692.8999
5717.5
5660.3999
5689.1001
5495.2002
5495.2002
5495.2002
5545.6001
5605.7998
5414.3999
5631.7002
5692.3999
5776.3999
5690.3999
5629.1001
5699.8999
5766.3999
5853.5
5767.7002
5818.6001
5884.2998
5965.7002
6076.5
6087.3999
5999.5
5888.5
5932.2002
5893.6001
5966.8999
5946.6001
5787.6001
5879.2998
5880.1001
5910
5707.7002
5784
5724.1001
5875.3999
5868
6026.2002
6029.2002
5879.7998
5837.2998
5885.2002
5788.8999
5869
5875.7998
5609.3999
5740.1001
5578.2002
5901.7002
5902.3999
5942.8999
6025.6001
6215.7002
6202
6222.7002
6272.7002
6356.5
6335.7002
6348.5
6479.3999
6416.7002
6456.8999
6456.8999
6476.8999
6497.7998
6479.2998
6479.2998
6479.2998
6434.1001
6345.6001
6284.5
6279.2998
6277.7998
6397
6364.2002
6559.7998
6536.8999
6565.3999
6554.8999
6485.6001
6493.7998
6315.2002
6386.6001
6432.5
6349.1001
6306.2002
6140.7002
6180.5
6262.1001
6155.2998
6070.8999
6226.5
6120.7998
6291.2002
6359.6001
6432.1001
6362.3999
6337.8999
6304.8999
6381.8999
6385.1001
6474.8999
6461.3999
6530.6001
6586.1001
6721.6001
6659
6706
6661.2998
6576.2998
6482
6514
6459.2998
6527.8999
6609.3999
6677.7002
6614.2998
6644.5
6730.7002
6724.5
6633
6615.3999
6540.8999
6595.7998
6547.8999
6535.2002
6500.3999
6506.2998
6466.7998
6486.3999
6433
6396.8999
6465.8999
6456.7002
6429
6460
6283.2998
6182.7998
6289.2998
6363.8999
6306.2002
6280.7002
6134.1001
6191.2002
6313.2998
6270.7002
6376.7998
6315.2002
6303.2998
6212
6132.2002
6102.2002
6220.1001
6220.1001
6196.8999
6196
6086.1001
6078.7002
6064.2002
5858.8999
6109.2998
6143.5
6219
6038.2998
6271.2002
6393.8999
6308.7998
6189.1001
6224.2998
6300.2998
6250.6001
6360.1001
6206.1001
6215.2002
6251.2002
6454.2998
6498.7002
6624.3999
6585.2002
6640.2002
6567.1001
6659.2002
6697.7002
6716.7002
6697.7002
6615.1001
6630.8999
6712.7002
6690.1001
6635.2002
6673.1001
6639.7998
6590.6001
6607.8999
6571.2998
6527.6001
6559.2998
6588.3999
6567.3999
6596
6649.2998
6650.2002
6703.5
6732.3999
6649.8999
6559.6001
6520.5
6567.5
6505.1001
6505.1001
6522.7002
6632.7998
6664.1001
6676.7002
6621.5
6602.1001
6606.5
6570.6001
6570.6001
6565.5
6616.3999
6606.6001
6636.7998
6640.8999
6579.2998
6559.5
6568.7002
6555.5
6565.7002
6524.1001
6549.6001
6550.3999
6603.7002
6603.7002
6537.7998
6484.5
6419.6001
6449.2002
6418.7002
6469.3999
6462
6429.5
6479.7002
6486.7998
6440.6001
6449.3999
6497.7998
6516.2002
6462.3999
6416.3999
6413.2998
6417.7998
6397.2998
6397.2998
6397.2998
6364.7002
6366.1001
6315.5
6308
6324.2002
6267.2002
6292.6001
6291.8999
6339.3999
6318
6256.7998
6220.2998
6189.3999
6130.6001
6133.2002
6000.7002
6161.2002
6233.2998
6245.2002
6227.7002
6156.5
6138.5
6058.7002
6116.2002
6116
6171.5
6286.1001
6434.7002
6401.5
6380.8999
6357.1001
6412.2998
6444.3999
6419.5
6433.2998
6421.2002
6381.7998
6353.5
6382.7998
6346.3999
6369.5
6346.2998
6317.8999
6310.8999
6282.2002
6203.1001
6242
6239.8999
6228
6269.2998
6314.7998
6227.6001
6218.3999
6237.2002
6210.2998
6204.5
6215.7002
6263.5
6239
6230.1001
6160.7002
6196.1001
6194.2002
6220.1001
6287
6319
6310.8999
6220.7998
6220.7998
6241
6245.2002
6190
6190
6190
6183.7002
6198.6001
6204
6247.3999
6260
6228
6192.5
6156.3999
6159.7998
6152.3999
6131.5
6090.3999
6086.3999
6050.3999
6021.5
6048.8999
6084.3999
6025.8999
6050.1001
6122.1001
6140
6160.2998
6202.6001
6204.5
6192
6254.8999
6229.7998
6186.6001
6194.2002
6208.3999
6231.5
6239
6244
6224.5
6148.1001
6149.2998
6149.6001
6129.2002
6126.7998
6160.8999
6184.7998
6214.6001
6182.5
6166.1001
6155.2002
6156
6150.3999
6108.6001
6172.3999
6157.2998
6121.2998
6073.5
6072.7002
6030.8999
6001.2002
6004.5
5966.5
5937.1001
5957.7998
5960.7998
5971.2998
5930.1001
5873.6001
5798.2998
5822.2998
5896.7002
5866.2002
5831.7998
5890.2998
5877
5877.2002
5892.2002
5895.5
5850.7998
5879.2998
5858.1001
5929.2998
5981.7002
5986.6001
5949.2002
5906.1001
5929.2998
5888.2998
5878.6001
5878.6001
5869.1001
5860
5902.6001
5915.2002
5903.3999
5900.3999
5896.6001
5897.8999
5870.8999
5820.1001
5823.3999
5860.5
5818.1001
5828.7998
5889.3999
5838.3999
5932.1001
5880.7998
5928.2998
5974.8999
5929.5
5877.1001
5851.2002
5833.8999
5719.7002
5770.8999
5778
5681.7002
5701
5707.6001
5765
5860.6001
5857.2998
5896.8999
5888.8999
5890
5826.7002
5883.5
5884.3999
5833.3999
5791.5
5678.6001
5652.2998
5681.2002
5692.1001
5684.1001
5665
5658.2002
5626.1001
5597.3999
5619.2998
5506.7998
5519.6001
5620.8999
5655.2002
5562.8999
5706.2998
5669.7998
5762.1001
5764.6001
5749.7002
5723.7998
5652
5791
5791
5677.7002
5587.1001
5678.7002
5532.7002
5657.3999
5671.6001
5675.5
5846.2002
5841.2998
5912.1001
6042
6083.3999
6105.6001
6067.1001
6091.7002
6036.8999
6010
6082.1001
6023.1001
6023.1001
6060
6104.2998
6086.6001
6098.7002
6132.7002
6081.3999
6089.7998
6044.1001
6029.3999
6029.3999
6029.3999
6000.7998
6016.5
6067
6026.1001
6045.7002
6044.1001
6004.7002
6024.2998
5964.6001
6015.2998
5959.2002
5935.7002
5972.2002
6036.2998
5990.1001
6007.5
5991.2998
5991.7002
5999.3999
5993.2998
5965.1001
5950.6001
5952.7998
5907.8999
5855.8999
5812.8999
5857.3999
5897.7998
5858.7002
5833
5844.1001
5791.5
5875.8999
5860.5
5836
5872.3999
5857.7002
5863
5846.2002
5828.8999
5791.5
5792.2998
5793.5
5764.1001
5808.7998
5725.1001
5746.7998
5772.3999
5759.2998
5747.2998
5801.6001
5760.2998
5779.7998
5786.7998
5722.6001
5704.3999
5633.7998
5660.8999
5672.3999
5693.2002
5663.7002
5699
5740.2002
5711
5735.2002
5731.5
5688.7998
5731.5
5731.7998
5691.2002
5714.6001
5681.5
5618.7998
5618.7998
5638.2998
5622.7998
5595.5
5595.5
5595.5
5597
5587.3999
5547.8999
5539.7998
5531.6001
5495.2998
5521.1001
5507.2002
5501.5
5517.3999
5531.1001
5528.7998
5538.7998
5510.3999
5528.1001
5486.1001
5423.2002
5491
5477.3999
5523.7998
5511
5531.7002
5517.2002
5497.8999
5498.8999
5460
5430
5439.6001
5470
5465.1001
5423.5
5439.7998
5460.8999
5460.7998
5423.6001
5431.8999
5358.6001
5344.2998
5317.2998
5213.3999
5182.7998
5227.7998
5182.1001
5207.6001
5142.1001
5164.1001
5167.8999
5263.8999
5286.5
5275
5265.2002
5342.2002
5380.7002
5374.6001
5362.2998
5372.3999
5427.7998
5494.3999
5501.6001
5477.7002
5478.2002
5494.7998
5447.2998
5453.1001
5413.6001
5385.7002
5369.7002
5416.3999
5429.7002
5407.8999
5383.5
5347.3999
5338
5375.1001
5359.2998
5340.7998
5365.8999
5359.2002
5337.7998
5326.8999
5328.5
5296.8999
5255.7998
5228.1001
5228.1001
5255.7002
5275.2002
5300.2002
5318.3999
5312.6001
5269.2998
5292.7002
5322.3999
5344.2002
5345.7998
5358.6001
5377.5
5363.7002
5344.2998
5314.7998
5315.5
5332.2998
5327.5
5290.8999
5282.2998
5270.2998
5263.6001
5256.2002
5270.7002
5241.7998
5221.6001
5215.2002
5201.6001
5214.2002
5230.8999
5259.7002
5245.8999
5217.2002
5242.3999
5232.2002
5158.2998
5229.6001
5190.1001
5184.2998
5161
5113.2002
5109.1001
5090.3999
5043.5
5079
5114.3999
5099.2998
5082.1001
5072
5077.6001
5045
5019.5
5046.7998
5050.3999
5030.3999
5009.2002
5003.7002
5025.2998
4980.3999
4999.3999
5005
5011
4964
4986.2998
4986.2998
4994.8999
4971.5
4982.5
4989.7998
4971.7998
4962.7002
4949.3999
4898.5
4884.2002
4886.5
4893.2998
4875.3999
4892.3999
4910.2998
4918.8999
4902.2998
4882.5
4861.2998
4801.7002
4801.7002
4790.2002
4789.3999
4845.5
4864.8999
4849.2998
4819.6001
4822
4855.6001
4827.1001
4891.6001
4945.3999
4960.7998
4946.2002
4973.2998
4983.7002
4977
4947.3999
4942.8999
4896.7002
4914
4894.3999
4900.7002
4919
4922.5
4922.5
4922.5
4910.3999
4937.2998
4933.5
4923.2998
4922.1001
4937.6001
5000.2002
4975
4982.1001
4962.1001
4996.1001
5010.8999
5027.2002
5036.2998
5014.7998
4992.7998
5000.5
4968.5
5006.7998
4972.1001
4988.5
5032.8999
5060.7998
5057.2002
5057.3999
5053.2002
5058.8999
5041.7998
5044.2002
5000
4990.3999
4995.5
4979.7998
4941.5
4908.2998
4916.2002
4906.2002
4852.2998
4832.7998
4853.3999
4847.1001
4843.2002
4812.5
4803.2998
4800.7998
4818.2998
4823.8999
4846.7002
4820.7998
4800.2998
4783.6001
4818.7002
4840.7002
4854.1001
4824.2998
4806
4847
4814.2998
4814.2998
4820.1001
4819.7998
4798.1001
4798.1001
4798.1001
4787.7002
4777.3999
4733
4731.1001
4696.7998
4735.2002
4728.2002
4722.7998
4736.7998
4694
4688.3999
4703.8999
4728.7002
4722.7998
4747.8999
4751.2002
4735.7002
4703.2002
4749.7998
4741.6001
4753.3999
4719.3999
4742.3999
4733.1001
4760.7998
4805.2998
4795.8999
4770.3999
4803.1001
4793.8999
4776.8999
4734.5
4717.7002
4716.6001
4739.7998
4728.2998
4718.5
4693.2002
4673.7998
4624.2002
4642.7998
4630.1001
4583.3999
4564.6001
4615.3999
4617.3999
4616.3999
4655.2002
4626.6001
4622.7002
4629.3999
4634.7998
4647.8999
4685.5
4698.8999
4698.7002
4706.2998
4707.1001
4681.7998
4659.7002
4570.7998
4588.1001
4567.2998
4541.2002
4578.1001
4568.2998
4592.2998
4608.3999
4579.5
4591
4556.5
4548.5
4545.6001
4558.5
4545
4538
4558.3999
4565.6001
4563.7998
4550.7998
4518.6001
4502.1001
4459.2998
4490.1001
4490.1001
4453.8999
4411.6001
4407.5
4405.2998
4369.2002
4362.6001
4355.2998
4358.7002
4350.2002
4301.5
4328.1001
4312.2002
4350.8999
4314.3999
4337.8999
4413.3999
4408.1001
4429.7002
4415.7002
4413.1001
4418.7002
4356.2998
4324.8999
4287
4326.2998
4306.2998
4377.2998
4339.3999
4321.1001
4339.2002
4340.7002
4372.6001
4357.7002
4360
4393.2002
4381.1001
4358.3999
4370.7002
4403.2998
4407.3999
4424.7002
4464.1001
4512.3999
4518.7002
4494.1001
4503.2002
4486.7002
4468.5
4502.2002
4505.7998
4493.2998
4491.1001
4458.6001
4433.2002
4484
4486.1001
4489.5
4504.7998
4491.6001
4454.5
4435.3999
4422.7998
4422.7002
4430.7002
4430.7002
4453.6001
4438.2998
4418
4428.8999
4431.3999
4428.7002
4471.7998
4414.3999
4403
4441.7998
4453.7998
4412.8999
4454.7002
4395.2002
4498.3999
4516.2002
4569.5
4547.2002
4489.7002
4489.7002
4519.5
4524.5
4575.7002
4571.8999
4570
4571.7998
4539.8999
4569
4546.2002
4537.2998
4505.5
4485.3999
4515.7998
4489.7002
4489.7002
4489.7002
4468.7002
4472.7998
4480.7002
4465.6001
4410.7002
4385.7002
4412.7998
4406.7002
4357.5
4373.6001
4309.5
4318.5
4333.7998
4417.7002
4397.8999
4456.7998
4428.8999
4412.8999
4467.3999
4445.2002
4545.2998
4542
4553.7998
4547.1001
4559.1001
4525.1001
4540.1001
4537
4492.2002
4515.8999
4507.6001
4496.7998
4524.2998
4515
4515.6001
4442.8999
4461.5
4408.1001
4412
4377.7002
4396.1001
4405
4434.3999
4402.7002
4384.3999
4398.5
4390.6001
4381.3999
4390.7002
4411.5
4468.1001
4447
4445.5
4460.7998
4476.7998
4511.2002
4499.2998
4518.1001
4487.8999
4456.1001
4461.3999
4440.1001
4449.6001
4466.2998
4494.2002
4473
4505.2002
4513.2998
4510.2002
4476.8999
4476.8999
4470.3999
4457.5
4444.7002
4444.7002
4444.7002
4440.8999
4424
4412.2998
4397.2998
4354.2002
4333
4348
4347.6001
4331.2998
4335.3999
4379.6001
4359.7998
4367
4378.2002
4392
4378.8999
4410
4342.6001
4361.1001
4370.3999
4388.7998
4382.3999
4319
4308
4327.3999
4354.7002
4338.8999
4397
4373
4371.2998
4345.1001
4341.7998
4376.8999
4324.2002
4303.3999
4330.2998
4332.6001
4287.6001
4300.8999
4265.7002
4272.8999
4251.2998
4239
4240.2002
4285.6001
4352.2998
4347.6001
4344
4339.7002
4368.7998
4334.1001
4362.2998
4311
4313.8999
4268.6001
4272
4270.1001
4274
4209.1001
4169.2002
4091.30005
4142.7002
4157.1001
4202.2002
4236.3999
4221.7002
4228.2002
4257
4314.7002
4293
4299
4260.8999
4237.7998
4242.2002
4252.1001
4263.8999
4292.1001
4257.2002
4248.7998
4262.1001
4204.3999
4204.3999
4161.1001
4198
4206.3999
4177.3999
4225.8999
4225.8999
4223.5
4217.3999
4250.7998
4272.1001
4247.2998
4237.7998
4180.7002
4185.6001
4176.7002
4147.7998
4095.6001
4070.3999
4121
4100.1001
4098.3999
4157
4141.2002
4137
4148.7998
4131.2002
4149.6001
4086.5
4079.80005
4044.30005
4073.19995
4056.6001
4077.1001
4102.5
4127.6001
4058.1001
4028.80005
4054.69995
4073.6001
4074.80005
4021.5
4024.80005
4006.8999
3963.8999
4031.19995
4067.80005
4041.69995
4067.8999
4060.8999
4087.8999
4160.1001
4131.5
4207
4190.3999
4152.8999
4134.1001
4161.2998
4150.2002
4113
4129.1001
4150.7998
4104.2998
4126.6001
4115.7002
4129.2998
4048.1001
4083.6001
4071.8999
3992.3999
3979.80005
3979.80005
3990.5
3936.3999
3971.6001
3941.30005
4049
4011.1001
3975
3999.8999
3987.3999
3969.3999
3928.8999
3992.8999
4006.3999
3952.6001
3952.6001
3880.1001
3926
3927.80005
3940.30005
3870.19995
3899
3966.5
3917.69995
3889.19995
3889.19995
3889.19995
3854.8999
3916.8999
3849.3999
3808.1001
3803.30005
3861.3999
3868.80005
3935.80005
3814.3999
3771.1001
3753.3999
3684.80005
3613.30005
3708.5
3729.1001
3793.1001
3762
3743.30005
3861.1001
3765.69995
3765.3999
3747.30005
3722.30005
3601.80005
3486.8999
3287
3452.69995
3436.1001
3491.6001
3555.3999
3563.5
3625.30005
3684.69995
3655.6001
3569.8999
3593.30005
3621.5
3701.80005
3727.1001
3687.30005
3658.30005
3729.5
3692.3999
3611.8999
3610.80005
3616.1001
3669.19995
3579.1001
3599.19995
3597
3678.69995
3590.1001
3689.3999
3567.3999
3578.69995
3483.80005
3490
3480.80005
3603.69995
3622.19995
3678
3736.69995
3778.6001
3820.6001
3881.80005
3887.80005
3945.6001
3948.30005
3974.1001
3934
3924.80005
3957.3999
4001.3999
4005
4009.5
3940.3999
3940.3999
3900.6001
3829.3999
3942.1001
3942.1001
3942.1001
3936.8999
3889.8999
3841.3999
3835.19995
3908.69995
3984
3878.1001
3935.30005
3974.8999
3925
3933.8999
4013.5
4032.3999
4048.6001
4075.3999
4154.2998
4169.3999
4185.3999
4144.2002
4071
4122.2002
4175.2002
4190
4094.8999
4096.5
4116
4091.6001
4053.1001
4029.3999
4085.1001
4015.6001
4034.6001
4081.30005
4103.7002
4146.1001
4141.5
3997
4039.69995
4002.69995
3935.8999
4090.5
4051.1001
4103.7002
4006.8999
4118.8999
4133.7998
4130.5
4170.7002
4057.69995
4130.2998
3931.6001
3953.3999
3777.30005
3742.3999
3730.5
3780.8999
3813.80005
3880.30005
3905.30005
3797.3999
3721.80005
3907.19995
3850.6001
3696.30005
3671.1001
3739.3999
3860.1001
3813.5
3865.3999
4025.19995
4044.30005
4008
4084.8999
4210.7002
4175.5
4062.3999
4107.2002
4011
4027
4028.69995
4180.8999
4227.2998
4209.2998
4274
4449.7002
4389.7998
4389.7998
4434.7002
4364.7998
4368.8999
4426.8999
4330
4327.5
4171.1001
4271.7002
4221.6001
4322.3999
4240.5
4094.3999
4131
3996.3999
4075.6001
4044.5
4246.2002
4180.8999
4202.7002
4016.69995
3965.8999
3777.1001
3858
3895.5
4098.2998
4297.2998
4190.6001
4021.8999
3994.5
4224.1001
4230.1001
4420.1001
4542.8999
4601.2998
4615.7002
4471.2002
4392.6001
4546.7998
4685.7998
4656.3999
4540.7002
4531
4631
4541.8999
4605.3999
4580.2998
4652.3999
4702
4756.7998
4630.7998
4771.8999
4851.7002
4934.7998
4928.2002
4920.3999
4957.6001
4989.2002
5085.1001
5085.1001
5085.1001
5040.7998
5083
5074.2002
5136.2998
5169.1001
5175.2998
5151.8999
5197.2002
5208.1001
5218
5248.5
5259.1001
5239.5
5204.7998
5171.2002
5197.6001
5209.1001
5119.8999
5203.1001
5203.1001
5174.1001
5125.5
5165.6001
5153.8999
5159
5197.5
5218.2002
5191
5221.5
5243.6001
5229.3999
5263.8999
5259.8999
5201.3999
5161
5137.3999
5229.1001
5179.6001
5178.6001
5233.6001
5209.5
5247.7998
5251.3999
5271.7998
5271.7998
5271.7998
5214.7002
5195.5
5203.6001
5250.5
5253.2998
5266.8999
5316.1001
5299.8999
5292.7002
5261.3999
5272
5252.5
5258.8999
5285.7002
5282.1001
5245.5
5214
5242
5169
5101
5178.3999
5139
5100.7002
5050.7998
5073.2998
5024.2002
5092.5
5154.2998
5182.5
5208.7998
5153.8999
5135.7002
5161.7998
5128.1001
5127
5073.7998
5093.3999
5167.2998
5189.7002
5164.7998
5089.2998
5131.3999
5223.6001
5193.1001
5233.1001
5180.7002
5149.2002
5138.5
5126.7998
5138.5
5127.6001
5166
5113.5
5198.6001
5190.7002
5228.5
5250.3999
5293.6001
5323.7998
5318.7998
5218.2998
5217.3999
5217.3999
5242.3999
5213.2002
5177.3999
5177.3999
5177.3999
5159.2002
5080.2002
5120.6001
5151.1001
5136.2998
5061
5074.8999
5120
5160.7998
5185
5264.7002
5369.7998
5333.5
5212.1001
5164.6001
5203.6001
5208.5
5205.2002
5266
5302.5
5293.2002
5345.8999
5313.7998
5298.7002
5338
5291
5238.2002
5240.7998
5277.1001
5146.2002
5244.2002
5278.1001
5216.2998
5214.1001
5209.1001
5129.5
5071.2002
5039.7002
5003.6001
5085.8999
5188.7002
5086.6001
5167.6001
5193.2998
5070.3999
5017.7002
5116
5203.3999
5082.6001
5067.2998
5145.5
5164.8999
5153.1001
5009.7998
5032.7002
5036
5016.2002
4881.7998
4832.2998
4785.6001
4903.3999
4763.6001
4696.1001
4663.3999
4613.8999
4433.7002
4556.8999
4721.7002
4848.7002
4898.8999
4755.7998
4943.6001
4882.1001
4746
5033.7002
5070.2998
5204.2998
5316.1001
5379.6001
5312.1001
5345
5332.7002
5417.6001
5434.7002
5471.8999
5471.8999
5396.5
5408.7002
5430.2998
5357.5
5342.1001
5389.7998
5461.6001
5507.7998
5431.1001
5427.2002
5402.8999
5476.5
5536.7998
5526.3999
5547.6001
5584.5
5546.8999
5529.1001
5446.7002
5403.1001
5286.1001
5275.7002
5320.2002
5405.2998
5387.1001
5437.3999
5404.6001
5427.7998
5517.1001
5537
5481.6001
5391.8999
5467.8999
5468.8999
5479.2002
5549.6001
5600.5
5639.8999
5716.7002
5642.5
5638.3999
5607.8999
5555.7002
5661.8999
5665.7002
5641.3999
5699.6001
5680.3999
5671.6001
5723
5752.6001
5820.2002
5804
5860.5
5950.6001
5948.2998
5901.5
5922.6001
5856.5
5809.6001
5796.2002
5796.8999
5863.8999
5889.7998
5889.7998
5915.8999
5897.5
5976.6001
5941.6001
5915
5904.6001
5884
5842.8999
5690.5
5896.7998
5964
5893.7002
5886.3999
5870.2998
5870.2998
5765.7998
5904.2002
5928
5967
5951.3999
5868.2998
5827.5
5840.2998
5871.2998
5879.7998
5871.6001
5890.2002
5761.1001
5766.6001
5766.6001
5766.6001
5788.1001
5803
5663.2998
5601.5
5621.7998
5535.7002
5463.1001
5618.5
5633.7002
5588.3999
5614
5728.1001
5576.6001
5402.2998
5314.7998
5540.7002
5646.7998
5551.6001
5562.7998
5729.2002
5626
5720.7002
5826.5
5917.2998
6003.2002
6001.7998
6012
5931.2998
5858.6001
5908.6001
5917.8999
5941.2002
5916.7998
5943.7002
6003.1001
5972.3999
5980.1001
6094
6088.2998
6197.8999
6176.2002
6228.5
6241.3999
6164.2998
6206.1001
6225.7002
6293.3999
6269.2002
6256.3999
6251.7998
6297.5
6334.5
6317
6294.2998
6255.6001
6264.3999
6214.7002
6232
6209.2998
6209.8999
6197.3999
6083.2998
6170.2998
6165.5
6114.8999
6059.8999
6088.1001
6149.6001
6198.1001
6185.6001
6039.8999
6174.7002
6222.5
6222.5
6223.2002
6218.2002
6097.5
6097.5
6097.5
6115.5
6176.7002
6295
6246.5
6175.7998
6263.7998
6403
6390.3999
6370.3999
6288.2998
6231.3999
6273.2998
6299
6158.7002
6170.3999
6142.2002
6164.8999
6249.7998
6374.7002
6327.6001
6287.2998
6221.3999
6382.2002
6345
6440.1001
6430.3999
6432.2998
6412.8999
6274.7998
6400.2002
6442.2002
6477.3999
6466.8999
6431
6385.3999
6392
6457.6001
6438.3999
6388.3999
6366.6001
6302.2998
6367.7998
6438.3999
6315.8999
6276.2998
6218.8999
6148.2002
6203.2998
6285.7002
6209.6001
6131.8999
6117.6001
6247.7002
6264.7998
6391.2002
6382
6334.8999
6345
6284.5
6294.2002
6264.1001
6269.2998
6213.2002
6257.1001
6205.8999
6199.2002
6279.8999
6403.5
6410.2002
6417.2998
6555.5
6478.2002
6555.5
6582
6600.7002
6689.2002
6694.7002
6752.5
6798.1001
6795
6672.7002
6615.1001
6586.2998
6563.7002
6563.7002
6557
6566.2002
6584.7998
6542.2002
6543.7002
6518.2002
6532.1001
6475.5
6419.8999
6384.5
6387.2998
6414
6358.1001
6387.7998
6363.5
6317.1001
6391.2998
6379.3999
6365.2998
6335.7002
6352.1001
6387.1001
6390.7002
6381.2998
6378.3999
6469
6465.5
6450.5
6525.5
6475.3999
6475.7002
6518.5
6475.7998
6466.2002
6497.5
6419.6001
6382.5
6417
6470.3999
6312.7002
6239
6313.5
6375.2998
6405.2002
6391.5
6413.7998
6477.7998
6526.8999
6490.2002
6526
6490.7998
6536.2998
6447.1001
6430.8999
6443.7998
6496.6001
6503.7998
6546.7998
6546.7002
6626.3999
6470.5
6359.3999
6359.6001
6216.8999
6216.8999
6231.1001
6118.6001
6086.7998
6035.5
6045.3999
6233
6196.2002
6318.3999
6247.7002
6283.5
6245.8999
6100.7002
6123.7998
6216.2998
6238.7998
6199.6001
6184.7998
6373.3999
6327.3999
6327.3999
6179.2998
6256.5
6283
6241.2002
6241.2002
6241.2002
6184.8999
6074
5994.6001
6178.1001
6357
6350.7998
6379.2002
6533.3999
6569.8999
6451.1001
6379.2998
6427
6462.1001
6540.2002
6445.2002
6598.7998
6650.1001
6687.2002
6738.5
6594.6001
6609.6001
6617.8999
6624.5
6558
6557.2998
6447
6487.1001
6466.8999
6568.7002
6532.1001
6411.2002
6466.5
6567.7998
6487.5
6432.1001
6364.8999
6232.6001
6099.6001
6198
6086.7002
6144.1001
6014.7002
6081.6001
6165
6209.2998
6147.3999
6005.2002
6068.6001
6193.2998
6279.7998
6315.3999
6285.7998
6118.6001
6185
6324.2998
6302.7998
6290.8999
6268.5
6375.6001
6441
6375.6001
6274.1001
6379.7998
6346.2998
6348.7002
6445.5
6504.6001
6669.5
6658.2002
6531.5
6532.7998
6518.8999
6607.7002
6504.7998
6447.2002
6535.8999
6665.8999
6930.2002
6930.2002
6930.2002
6835.8999
6806.5
6806.5
6806.5
6776.7998
6728.6001
6707.5
6731.2002
6724.6001
6672
6633.7998
6702.1001
6710.7002
6739.5
6680.7998
6619.3999
6660.8999
6694
6742.2002
6653.7002
6646
6597.2002
6692.2998
6684.7998
6682.7998
6561.7998
6534.2002
6442
6482.2998
6550.7998
6555.7002
6583
6533.6001
6511.6001
6551.3999
6447
6435.5
6374.2998
6356.6001
6331.2998
6280.7998
6252
6284
6255.7002
6149.1001
6045.7002
6092.3999
6009.3999
6058.8999
5939.2998
6006.7002
5993.7002
5869.2002
5907.2998
6039.3999
6113.3999
6174.8999
6234.7998
6199.3999
6200.5
6097.5
6084.5
6052.8999
5970.7002
6029.7998
6020.6001
6007.2002
6078.6001
5937.6001
5969.7002
5913.8999
5957.2998
6056.5
6039.7998
6014.6001
6067.7002
6116
6169
6191
6260.6001
6253.6001
6309.5
6375.7002
6332.2002
6195.6001
6276.2002
6246.3999
6375.2002
6375.2002
6383.8999
6369.5
6315.1001
6322.1001
6180.7998
6118
6201.7998
6166.5
6235.3999
6245.1001
6153.2998
6014.3999
5978.3999
6126.5
6121
6101.6001
6235.3999
6250.7002
6288.2998
6231.8999
6117.5
6297.2002
6262.7998
6169.1001
6207.3999
6297.7998
6329.7998
6392
6483.7002
6563.2998
6575
6473.1001
6445.6001
6545.5
6562.6001
6557.2998
6597.3999
6620.6001
6592
6491.8999
6488.8999
6318.5
6307.1001
6405.7998
6435.3999
6416.7002
6496.5
6552.3999
6581.2998
6527.7998
6493.6001
6504.8999
6451.2002
6430.2002
6484.7998
6403.3999
6453
6431.5
6412
6361.5
6348.6001
6302.2002
6250
6226.2002
6226.2002
6199.5
6236.7998
6249.2998
6322.1001
6353.1001
6368.2002
6266.7002
6206.3999
6165.7998
6300.3999
6456.6001
6343.1001
6378.2998
6348.7998
6356
6406.6001
6401.7002
6533.1001
6552.2002
6552.2002
6497.6001
6598.7998
6593.6001
6503.6001
6428
6413.6001
6311
6319.7998
6515.2998
6420.6001
6466.1001
6493.6001
6513.1001
6441.2002
6472.7998
6437.8999
6473.2002
6415.2998
6330
6330
6330
6295.2998
6264.2002
6252.8999
6139.2002
6085
6016.7002
6060.5
6152.7998
6163.2002
6114.2998
6140.6001
6201.8999
6206.7998
6282.2002
6335.7002
6241.5
6237.7002
6208.8999
6205.5
6101.5
6048.2998
6061.2998
6060.8999
6175.1001
6206.5
6307.6001
6155.2002
6069.8999
6031.2002
6074.8999
6078.3999
6108.6001
6023.2002
5950.7002
5888.5
5770.2002
5779.8999
5834.8999
5855.2998
5939.8999
5940.2998
6013
6012.3999
5896
5872.5
5876.3999
5885.7002
5880.8999
5861.2002
6022.2998
6105.6001
6027.6001
6123.8999
5941
5820.2002
5850.1001
6033.6001
6085
6147.2002
6101.2002
6148.7998
5958.2002
5879.3999
5882.6001
5882.6001
5882.6001
5941.5
5867.2002
5867.2002
5867.2002
5908.7998
5843.2998
5876.5
5741.8999
5685.2002
5630.3999
5557.1001
5534.5
5541.7002
5660.2998
5669.1001
5615.7002
5576.7002
5581.8999
5566.1001
5507.2002
5537.5
5743.8999
5844.2002
5827.8999
5755.2998
5798.2998
5848.3999
5717.5
5606.2002
5474
5502.7002
5510.5
5463.2002
5449
5476.7998
5432.2998
5433.8999
5491
5479.7998
5622.8999
5503.8999
5525.5
5438.3999
5358.5
5293.8999
5331.2002
5231.5
5217.1001
5229.8999
5206.7002
5251.8999
5077.5
5133.1001
5056.2998
5038.3999
4990.1001
5037.7002
4823.3999
4698.8999
4828.8999
4854
4648.7002
4750.3999
4908.2002
5064.3999
5108.7002
5093.5
5061
5167.6001
5214.7002
5103.2998
4990.2998
5055.6001
5132.8999
5291.7002
5281.7002
5268.6001
5118.6001
5136.6001
5311.2998
5344.2002
5347
5167
5118.7002
5235.8999
5169.1001
5249.3999
5249.3999
5368.5
5545.3999
5654.3999
5553.7002
5477
5667.3999
5694.2998
5648.2002
5467.2002
5455
5399.5
5462.2002
5432.7998
5587.6001
5680.3999
5594.1001
5632.5
5736.1001
5809.7002
5837.1001
5910.7002
5844.1001
5835.8999
5836.2002
5892.2998
5976.2002
5989.6001
6132.7002
6179
6174
6116.7998
6151.5
6100.2002
5958.2002
5929.7002
5969.7002
6009.6001
6003.3999
5990.2998
5988.3999
5960.2002
5919.8999
5832.6001
5884.5
5877.3999
5859
5804.8999
5772
5712.5
5748.1001
5812.1001
5832.7002
5729.7002
5715.7002
5769.7998
5852.5
5987.3999
6019.7998
6037.7998
5947.2998
5860.7998
5898.3999
5842.2998
5837.8999
5870.7002
5862.2998
5870.2002
5970.7002
5955.6001
5955.6001
5935.6001
5907.3999
5877.7998
5826.2002
5917.7998
5948.5
5972.8999
5956.7002
6028.2998
5969.7998
5938
5992.3999
5986.5
6010.2998
6010.2998
5928.3999
5833.1001
5806.6001
5722.3999
5863.8999
5898.1001
5931.2002
5955
5954.1001
5922.2002
6002
6074.1001
6104.1001
6105.5
6105.5
6105.5
6055.2002
6094
6105.7998
6064.2002
6052.7998
6017.6001
5932.2002
5911.8999
5939.2998
5905.6001
5967.8999
5983.7002
5947
5956.2998
5997.8999
5903.6001
5834.8999
5785.1001
5782.2998
5794.7998
5829.7998
5828.5
5818.8999
5782.8999
5695.6001
5733.1001
5807.7002
5820.6001
5767.2998
5764.7998
5745.1001
5651
5702.7998
5751.6001
5718.5
5723.3999
5709.5
5619.8999
5582.2998
5552.5
5607.8999
5613.2998
5600.8999
5629.7002
5606.3999
5595.7998
5612.7998
5599
5458.5
5422.3999
5372.6001
5326.2998
5237.2002
5181.3999
5253.1001
5272.2998
5278.2002
5273.6001
5263.1001
5165.7998
5106.8999
5083.8999
5068.7998
5138.2998
5237.1001
5224.1001
5264.3999
5262.5
5193.5
5135.5
5135.5
5132.3999
5112.3999
5013.8999
5013.8999
5013.8999
5049.7998
5018.2002
5020.2002
5168.2998
5190.7998
5203.3999
5121.7998
5045.2002
5035.8999
5130.7002
5177.1001
5187.3999
5142.8999
5082.2998
4970.7002
4977.6001
4921.7998
4831.7998
4889
4891.2002
4863.5
4898.6001
4985.7998
4908.3999
4830.1001
4845.3999
4867
4741.7998
4711
4720.3999
4793.7002
4806.7998
4764.3999
4863.7998
4908.2998
4897.3999
4906.3999
4842.2998
4801.8999
4871.7998
4755.3999
4840.7002
4970.2002
4991.5
5148.7998
5225.8999
5211
5271.1001
5287.8999
5263.7002
5298.8999
5300.1001
5227.2998
5217.7998
5262.1001
5305.6001
5300
5330.7998
5296.1001
5317.1001
5244.2002
5220.2998
5226.2998
5065.5
5077.2002
5027.5
5075.7002
5023.7998
5046.2002
5013.1001
4976.3999
4902.8999
4848.2002
4854.7998
4905.2002
4950.5
4985.2002
4994.2002
4991.2998
4976.8999
4952.2002
4870.2002
4817.5
4845.3999
4906.8999
4886.2998
4901.1001
4901.1001
4978
4958.3999
4914.2002
4835
4865.7998
4991.2998
5003.6001
5075.7998
5031.8999
5031.2998
5086.7998
5026.2002
4960.6001
4895.7002
4899.2998
4907.5
4927.2998
4876.6001
4862.6001
4851.5
4862.8999
4874.5
4846.7002
4805.7002
4877.2002
4949
4964.2002
4899.2998
4857.3999
4799.5
4767.7998
4762.3999
4758.5
4810.7002
4812.7998
4831.7002
4751.3999
4728.2998
4604.6001
4640.2998
4657.8999
4640
4596.2998
4575.7998
4593.8999
4653.7002
4657
4682.2002
4745.1001
4783.1001
4757.3999
4724.7998
4739.6001
4686.7002
4645
4576.2002
4557.1001
4557.7998
4562.7998
4621.2998
4672.2998
4677.5
4681.6001
4661.7998
4661.7998
4651.7998
4642
4607.5
4645.2002
4693.8999
4681.2002
4686.8999
4691
4669.6001
4630.8999
4580.3999
4537.5
4519.2998
4455.6001
4455.6001
4445
4436
4433.2002
4389.7002
4369.7002
4388.5
4387.7002
4346.1001
4328.7002
4310.5
4298.8999
4294.6001
4286.7998
4251.7002
4270.7002
4313.2002
4292.2998
4269.2998
4271.7002
4236.6001
4214.6001
4236.6001
4248.1001
4312.8999
4312.8999
4312.8999
4301.5
4270.7002
4214.7998
4254.7998
4258.1001
4332.2002
4356.7998
4373.2998
4424.2998
4397.7002
4422.5
4444.2998
4437.3999
4420.2998
4399.2998
4360.1001
4357.7002
4307.1001
4308.2998
4339.2002
4329.2998
4344.7002
4331.1001
4336.7998
4356.1001
4357.3999
4332.2998
4337.7998
4341
4327.1001
4304.2998
4304.2998
4307.7002
4307.7998
4265.8999
4281.5
4260.8999
4257.7998
4275.7998
4228.3999
4207.5
4237.3999
4212
4218.7998
4271.5
4219.1001
4195.5
4194
4207.7002
4197.5
4158.8999
4168.2002
4107.2998
4056.6001
4087
4087.5
4078.80005
4106.5
4089.5
4057.3999
4118.5
4118.5
4115.7002
4091
4092.5
4092.5
4092.5
4087.19995
4077.6001
4051.30005
4018.19995
3979.6001
3993.80005
3972.3999
3990.69995
3982.5
4035.69995
4011.6001
3963
4051.19995
4045.19995
4061.5
4038.5
4058
4050.19995
4049.19995
4068.3999
4054.6001
4018.69995
3953.80005
3962.80005
3978.1001
3962.1001
3958.19995
3926.1001
3926.8999
3934.30005
3914.3999
3910.80005
3900.3999
3935.69995
3921.1001
3928.1001
3948.5
3979.1001
3963.8999
3993.5
4025.30005
4022.3999
3999.3999
4028.3999
4057.19995
4073.1001
4053.1001
4042.1001
4024.3999
4050.80005
4038.69995
4028.1001
3994.69995
4009.30005
4035.6001
4031.5
4024.80005
4000
4015.1001
3992.19995
3953.69995
3946.3999
3933.19995
3935.69995
3910.5
3919.69995
3964.1001
3974.30005
3955.69995
3972.30005
3977.19995
3967.8999
3932.6001
3905.6001
3916.1001
3910.80005
3893
3887.19995
3872.69995
3855.8999
3884.3999
3867.6001
3885
3918.69995
3905.69995
3907.5
3907.5
3891.1001
3872.1001
3883.19995
3863.69995
3872.8999
3837.3999
3830.30005
3823.3999
3803.30005
3810.69995
3811.3999
3811.1001
3788.3999
3788.30005
3770.6001
3734.3999
3703.19995
3668.5
3678.80005
3673.30005
3684.69995
3668.80005
3708.3999
3681.30005
3710.5
3693.3999
3658.19995
3632.30005
3698.30005
3728.30005
3749
3765.80005
3752.30005
3741.5
3743.19995
3760.6001
3714.1001
3725.69995
3725.6001
3711
3678.80005
3695.5
3679.5
3710.80005
3722.30005
3727.5
3753.19995
3756.3999
3761.5
3753.6001
3761.69995
3769.19995
3755.69995
3728.80005
3706.80005
3760.30005
3753.3999
3755.19995
3739.19995
3747.80005
3746.69995
3775.69995
3760.19995
3752.1001
3752.1001
3747
3764.19995
3789.3999
3778.19995
3789.6001
3753.6001
3776.19995
3759.69995
3739.19995
3754.3999
3728.30005
3707.30005
3723
3751.6001
3751.6001
3776.3999
3806
3817.8999
3809.19995
3832.80005
3819.30005
3817.6001
3833
3852.69995
3857.1001
3820.69995
3805.6001
3825.30005
3790.5
3766.80005
3744.19995
3767.3999
3758.6001
3755.6001
3755.6001
3755.6001
3725.1001
3728.5
3718.3999
3699.69995
3672.6001
3672.3999
3660.8999
3681.8999
3707
3698.30005
3685.3999
3693
3669.6001
3644.80005
3681.80005
3640.30005
3639.5
3674.5
3710.30005
3758.19995
3758.8999
3777.1001
3768.6001
3752.69995
3727.6001
3738.19995
3715.8999
3704.19995
3740.30005
3740
3725.6001
3714.6001
3744.30005
3770.8999
3779.80005
3745
3747.6001
3726.6001
3716.30005
3708.3999
3726.1001
3747.5
3746.6001
3781.30005
3752.80005
3759.30005
3735.30005
3734.6001
3734.69995
3734.19995
3758.19995
3735
3754.19995
3748.3999
3748.69995
3704.19995
3710.6001
3662.69995
3657.30005
3654.8999
3671.5
3700.30005
3720.6001
3704.5
3714.1001
3715.6001
3687.8999
3689.30005
3689.30005
3676.69995
3676.3999
3658.30005
3658.30005
3658.30005
3633.30005
3613.69995
3576.8999
3596.1001
3642.6001
3671.6001
3662.3999
3654.8999
3652.1001
3630
3639.5
3662.80005
3664.19995
3669.69995
3680.3999
3664.30005
3655.5
3648.80005
3649
3624
3602.5
3632.3999
3604.1001
3628.80005
3609.19995
3610.80005
3571.3999
3547.8999
3536.80005
3523.3999
3541.6001
3537.1001
3522.3999
3514.80005
3500.3999
3523
3518.69995
3529.1001
3510
3497.8999
3519.6001
3537.80005
3535.30005
3531.5
3551.3999
3578.6001
3593
3562.19995
3557.30005
3568
3523.80005
3474.30005
3460.1001
3510.30005
3526.5
3544.3999
3544.1001
3524.19995
3520.19995
3508.19995
3479
3485
3523.30005
3507
3514.80005
3557.8999
3561.5
3541.3999
3533.30005
3564.6001
3565.3999
3570.80005
3535.8999
3549.30005
3554.5
3545.6001
3557.69995
3532.3999
3522.69995
3509.3999
3477.80005
3504
3502.6001
3524.8999
3524.8999
3520
3515.8999
3530.19995
3535.69995
3509.80005
3470.6001
3465.1001
3444.3999
3441.3999
3467.5
3474.69995
3468.30005
3468.80005
3483.5
3482.3999
3475.6001
3499.8999
3449.8999
3463.30005
3468.8999
3458.30005
3454.30005
3432.8999
3431.6001
3413.1001
3400.3999
3405.30005
3420.69995
3442.6001
3429.19995
3447.19995
3450.6001
3464
3455
3462.8999
3388.30005
3394.8999
3349.19995
3323.69995
3314.6001
3294
3282.69995
3313.19995
3309.19995
3379.3999
3403.80005
3378.30005
3377.19995
3381.30005
3366.1001
3370.3999
3339.80005
3348
3344.6001
3337.69995
3380.80005
3370.80005
3380
3376.6001
3345
3340.6001
3319.3999
3309.8999
3311.1001
3311.1001
3328.19995
3327.30005
3291.80005
3284.5
3261
3285.80005
3297.3999
3300.80005
3310.69995
3310.30005
3317.8999
3290.1001
3261.19995
3251.69995
3251.69995
3264.30005
3262.6001
3248.19995
3220.3999
3216.69995
3217.6001
3226.19995
3214.8999
3209.30005
3199.8999
3174.69995
3170.1001
3194.5
3208.80005
3208.80005
3208.80005
3209.80005
3190.8999
3204.19995
3210.8999
3200.8999
3190.19995
3188.1001
3143.1001
3137.8999
3176.19995
3142.30005
3128.30005
3149.80005
3153.3999
3136.3999
3139.69995
3135
3124.19995
3089.30005
3094.1001
3047
3050.6001
3011.80005
3021.1001
2986.8999
2992.1001
2977
3001.8999
3025.1001
3038.19995
3041.19995
3009.30005
3025.30005
3037.69995
3049.30005
3019.5
3023.3999
3018.6001
3044.19995
3051.1001
3074.8999
3071.30005
3081.1001
3109.8999
3099
3072.5
3072.69995
3062
3059.69995
3034.69995
3017.30005
2991.6001
2995.8999
3022.19995
3007.30005
2982.19995
2969
2954.19995
2995
3028.6001
3054.8999
3054.3999
3076.69995
3048.30005
3033.19995
3049.3999
3060.3999
3055.80005
3065
3032.30005
3051.6001
3065.69995
3065.5
3065.5
3065.6001
3095.80005
3083.3999
3083.3999
3083.3999
3091.69995
3070.3999
3058.1001
3034.3999
3013.6001
2973.3999
2980.6001
2946.3999
2943.3999
2977.30005
3013.80005
3012.5
3016.1001
3033.5
3017.30005
3039.6001
3081.3999
3061.1001
3047.1001
3033.5
3036.6001
3027.5
3078.69995
3121
3131
3127.5
3146.5
3135.3999
3095.30005
3075.8999
3103.5
3099.6001
3063.80005
3065.80005
3097.6001
3104.3999
3081.30005
3096.30005
3097.3999
3083.80005
3029.6001
2999.8999
3000.8999
3029.1001
3032.80005
3063.19995
3060.80005
3085.30005
3120.19995
3106.69995
3141.8999
3100.5
3073
3032.30005
2998.69995
2984.3999
2956.30005
3001.80005
2983.5
3026.30005
2992.5
3038.69995
3008.5
2999.80005
3028.19995
3021.19995
3014.80005
3037.30005
3079.1001
3065.1001
3112.69995
3079.80005
3121.3999
3128.80005
3139.30005
3180
3203.8999
3205.3999
3241.5
3222.69995
3216.5
3251.30005
3249.6001
3265.1001
3265.1001
3234.19995
3205.19995
3175.1001
3171.30005
3191.3999
3182.6001
3190.30005
3147.30005
3142.19995
3142.30005
3138.19995
3167
3168.6001
3171.8999
3167.5
3150.5
3160.3999
3157.5
3097.3999
3082.6001
3095.8999
3082.30005
3117.19995
3106.1001
3114.69995
3095.1001
3077.19995
3091.30005
3082
3074.80005
3050.3999
3005.30005
2963.8999
2983.80005
2962.3999
2964.3999
2946.69995
2965
2970.3999
2936.3999
2919.19995
2946.30005
2909
2899.8999
2876.6001
2942.3999
2960.3999
2940.19995
2971.1001
3022.8999
3030.1001
3045.80005
3039.6001
3016.30005
3055.8999
3028.8999
3038.19995
3004.80005
3009.3999
2997.80005
2980.80005
2931.8999
2970.5
2966.3999
2966.3999
3019.69995
3020.69995
3089.1001
3108.3999
3127.30005
3122.80005
3116.5
3123.5
3115.6001
3119.19995
3137.80005
3130.5
3136.30005
3097.80005
3106
3106
3070.5
3100
3125.30005
3125.30005
3129.8999
3150
3125.30005
3106.1001
3133.69995
3101.19995
3098.30005
3128
3138.19995
3168.30005
3131.69995
3145.80005
3159.1001
3149.3999
3120.80005
3129
3131.5
3116.19995
3086.3999
3086.3999
3086.3999
3092.3999
3123.3999
3129.5
3129
3121.69995
3155.30005
3201.5
3198
3218.1001
3255.69995
3242.8999
3267.3999
3233.3999
3191.8999
3233.8999
3246.69995
3264.3999
3305.8999
3278
3246.5
3248.1001
3270.6001
3328.1001
3281.19995
3267.5
3341.8999
3333.69995
3350.30005
3382.6001
3425.30005
3417.69995
3393.19995
3363.5
3378.8999
3407
3429.1001
3440.19995
3419.1001
3475.3999
3491.5
3520.30005
3481.5
3491.80005
3447.3999
3427.30005
3436.1001
3444
3481.3999
3484.19995
3470
3475.1001
3437
3407.80005
3400.6001
3360
3372
3413.80005
3440.6001
3446
3403
3379.19995
3408.5
3418.3999
3418.3999
3428.80005
3462
3412.30005
3412.30005
3412.30005
3396.5
3355.69995
3342.3999
3364.8999
3337.1001
3311.19995
3278.80005
3248.3999
3254.6001
3261.30005
3271.6001
3277.3999
3237.30005
3237.30005
3234.19995
3223.8999
3233.19995
3166.8999
3135.80005
3111.3999
3093.1001
3067.19995
3069.30005
3070.6001
3108
3125.5
3120
3097.5
3093.30005
3099.1001
3099.69995
3098.5
3096
3077.6001
3085.6001
3149
3162.30005
3164.1001
3164.3999
3171
3163
3154.30005
3165.30005
3184.80005
3199
3188.30005
3156.30005
3129.6001
3137.6001
3120.80005
3086.30005
3080.8999
3094.69995
3102.19995
3108.6001
3092.3999
3100.80005
3085.19995
3067.69995
3037.5
3037.5
3030.1001
3036.8999
3026.30005
3005.19995
3001.30005
3007.5
3001.6001
3004.5
3005.5
3003.8999
2989.3999
3028
3024.80005
3037
3031.19995
3035.3999
3038.6001
3059
3057.30005
3072.6001
3085.1001
3100
3100.6001
3100.6001
3079.19995
3079.19995
3049.30005
3042
3057.6001
3065.5
3073.6001
3025
3008.30005
3010.1001
3009.1001
3006.1001
2971.6001
2986.3999
2969.80005
2943.3999
2941.30005
2945
2941.69995
2926.5
2917.6001
2884.19995
2879.3999
2844.19995
2827.69995
2820.1001
2814.1001
2823.8999
2842.8999
2833
2831.69995
2832.30005
2837.1001
2830.8999
2843.19995
2845.8999
2848.30005
2848.1001
2838.5
2857.69995
2888.80005
2900
2886
2897
2887.5
2894.69995
2900.69995
2907.6001
2903.3999
2879.3999
2875.69995
2883
2870
2885.5
2861.80005
2860
2866.8999
2844.3999
2844.80005
2829.8999
2852.80005
2863
2849.19995
2840.69995
2840.69995
2855.30005
2846.8999
2837.69995
2825.6001
2812.19995
2816.80005
2819.69995
2847.30005
2858.1001
2847
2849.30005
2860.80005
2836.1001
2829.80005
2793.69995
2786.30005
2796.5
2812.6001
2813.1001
2813.1001
2786.80005
2797.30005
2832.69995
2822.30005
2843.80005
2881.1001
2869.6001
2856.1001
2830
2824.3999
2839.69995
2842.1001
2846.80005
2821.80005
2821.80005
2821.80005
2822.1001
2832.19995
2838.80005
2869.8999
2878.3999
2878.69995
2861
2846.5
2852.8999
2852.80005
2860.6001
2861.1001
2863.8999
2900.1001
2879.69995
2889.8999
2919.30005
2922.3999
2915.8999
2953.3999
2956.69995
2949.8999
2957.30005
2922.1001
2904.80005
2918.6001
2882.30005
2882.6001
2868
2828.69995
2817
2818
2838.30005
2840
2837.69995
2814
2812.19995
2845.8999
2843
2834.30005
2816.3999
2831.30005
2870
2862.8999
2865.8999
2873.80005
2834.3999
2851.6001
2807.19995
2816.8999
2832.5
2835.69995
2771.8999
2781.19995
2773.30005
2748.69995
2737.6001
2763.1001
2765.1001
2759.19995
2745.30005
2757.8999
2773.3999
2799.19995
2816.5
2826
2833.6001
2861.5
2846.5
2846.5
2832.5
2847.80005
2827.5
2827.5
2827.5
2827.3999
2842
2807.69995
2789.69995
2740.30005
2732.80005
2717.8999
2721.80005
2716.19995
2726.5
2750.69995
2769.80005
2754.5
2759.3999
2771
2764.1001
2792
2778.80005
2760.1001
2741.80005
2709.6001
2727.1001
2722.8999
2732.3999
2706.19995
2704
2679.19995
2679.6001
2697.5
2726.3999
2696.80005
2714.6001
2695.3999
2702.69995
2711.1001
2691.69995
2705.6001
2687.80005
2658.30005
2642.30005
2650.3999
2669.80005
2661.6001
2669.69995
2658.1001
2645.69995
2617
2562.19995
2563.8999
2546.6001
2574.69995
2584.69995
2557.19995
2541.19995
2538.80005
2517.1001
2488.3999
2446.30005
2549.69995
2572.30005
2553
2565.5
2560
2601
2621.19995
2580.5
2586
2560.1001
2567
2483.8999
2378.30005
2370
2422.1001
2370.8999
2340.6001
2327.5
2337.69995
2372.19995
2362.19995
2381.8999
2313
2298.3999
2312.6001
2312.6001
2311.6001
2285
2281
2311.1001
2365.69995
2359.3999
2363.5
2354.69995
2376.1001
2356.80005
2318
2303.1001
2309.6001
2325.69995
2350.1001
2377.6001
2392.80005
2407.5
2420.19995
2399.6001
2411.6001
2423.19995
2373.3999
2348
2377.19995
2399.5
2387.8999
2415.6001
2403.69995
2431.8999
2483.3999
2486.3999
2484
2478.30005
2490.80005
2497.8999
2472.6001
2493.69995
2469
2497.1001
2476.1001
2493.8999
2521.19995
2515.80005
2534.1001
2557.30005
2532.6001
2560.6001
2550.30005
2584.80005
2562.69995
2598.3999
2616.30005
2593.6001
2603.69995
2614.1001
2636.1001
2635.3999
2645.80005
2668.5
2681.8999
2680.8999
2705.8999
2697.6001
2707.6001
2694.19995
2698.6001
2704.6001
2715
2715
2702
2711.8999
2700.6001
2703.6001
2682.6001
2694.69995
2720.5
2722.3999
2737.80005
2725.69995
2701.8999
2698.69995
2662.19995
2659.80005
2659.80005
2654.1001
2664.8999
2651
2658.19995
2643
2609.80005
2607.80005
2625.80005
2638.6001
2638.6001
2638.6001
2640.19995
2600.5
2591
2572.6001
2436.3999
2393.19995
2404.19995
2400.8999
2382.69995
2405.3999
2408.6001
2440.1001
2452.8999
2447.8999
2472.19995
2464.8999
2458.69995
2441
2456.6001
2467.6001
2464.69995
2491.19995
2470.69995
2476
2493.30005
2522.3999
2574.80005
2550.69995
2533.1001
2538.30005
2558.3999
2565.3999
2554.30005
2562.1001
2562
2565
2546.80005
2559.69995
2542.30005
2543.3999
2536.69995
2555.8999
2541
2513.8999
2522.6001
2523.69995
2537.1001
2538.3999
2517.19995
2534.30005
2547.1001
2556.80005
2560.19995
2571.19995
2550.80005
2546.5
2552
2539.8999
2510.3999
2525.30005
2522
2543.3999
2544.8999
2536.69995
2541.6001
2537.1001
2516.30005
2490.1001
2477.8999
2497.8999
2467.1001
2482.8999
2493.19995
2504.1001
2492.80005
2493.1001
2493.1001
2420
2418.69995
2384.3999
2384.3999
2384.3999
2345.3999
2358.1001
2391.6001
2413.6001
2432.8999
2440.80005
2451.6001
2423.30005
2380.19995
2392
2409.6001
2388.69995
2407
2423.80005
2420.19995
2414.8999
2420.19995
2428.6001
2447.5
2471.5
2456.19995
2446.30005
2463.5
2472.6001
2463.1001
2502.8999
2546.6001
2561.6001
2546.5
2575.5
2554.8999
2559
2538
2534.19995
2540.8999
2527.80005
2549.5
2566
2577.1001
2553.30005
2558.5
2514.69995
2528.30005
2561.1001
2559.5
2575.69995
2601.1001
2588.69995
2579
2576.69995
2574.5
2555
2570.80005
2584.1001
2599.5
2596.19995
2624.6001
2625.6001
2644.19995
2645.6001
2621.69995
2599
2595.6001
2597.80005
2576.6001
2579.5
2600.30005
2588.69995
2583.6001
2594.3999
2606
2625.80005
2641.8999
2626.6001
2630.80005
2653.19995
2667.3999
2663.30005
2664.6001
2669
2679.6001
2645.69995
2638.19995
2624.19995
2619.80005
2640.69995
2640.69995
2623
2601.8999
2554.5
2540.5
2621
2617.19995
2608.80005
2584.8999
2569.3999
2570.6001
2600.6001
2597.3999
2573.30005
2585.3999
2601.69995
2591.69995
2588.80005
2595.6001
2595
2589.30005
2579.6001
2580.5
2587.8999
2558.5
2541.5
2547.30005
2561
2556.80005
2497.3999
2497.3999
2510.5
2508.3999
2487.8999
2466.80005
2484.69995
2470.3999
2448.19995
2460.19995
2443.6001
2414.80005
2452.5
2437.30005
2461.19995
2458.30005
2487.5
2479.8999
2484.69995
2516
2524
2522.30005
2514.6001
2520.19995
2542.6001
2511.8999
2506.30005
2525.30005
2521.5
2506
2515.80005
2499.5
2491.19995
2492.8999
2479.69995
2471.1001
2471.1001
2482.80005
2465.8999
2482.69995
2466.6001
2453.8999
2471.8999
2459.3999
2463.69995
2486.6001
2524.30005
2541.80005
2523.3999
2540.5
2522.69995
2522.69995
2530.69995
2508.3999
2486.19995
2498.19995
2471.30005
2482.1001
2488.6001
2503.80005
2490.80005
2520.1001
2538.3999
2545
2519.5
2542.80005
2526.1001
2531.6001
2518.80005
2527.19995
2529.8999
2545.30005
2524.5
2519.1001
2488.30005
2456.5
2456.5
2456.5
2464.6001
2437.1001
2431.8999
2440.5
2474.80005
2441.19995
2459
2490.6001
2494.19995
2500.6001
2448.19995
2454.80005
2459.1001
2455
2437.69995
2459.8999
2420.1001
2382.8999
2386.8999
2380.8999
2348
2322.19995
2335.5
2314.30005
2312.3999
2296.80005
2312.3999
2318.30005
2296.8999
2294.3999
2267.80005
2264.5
2279
2245.19995
2243.69995
2194.80005
2202
2172.3999
2165.69995
2170.30005
2152.6001
2113.80005
2118
2103
2099.30005
2080.5
2081.6001
2084
2102.69995
2104.6001
2054.80005
2070.8999
2080.80005
2106.1001
2108.69995
2128.8999
2099.8999
2113.30005
2126.1001
2117.80005
2128.30005
2143.5
2143.5
2160.3999
2167.80005
2156.30005
2156.30005
2156.30005
2164.3999
2158.80005
2178.69995
2161.80005
2157.8999
2168.3999
2172.19995
2156.8999
2165.80005
2182.5
2183.3999
2177.5
2152.6001
2146.30005
2162.69995
2149.3999
2135.6001
2144.30005
2159.5
2151.8999
2170.5
2127.8999
2126.30005
2115.19995
2095.8999
2068
2060
2046
2056
2051.8999
2040.59998
2059.19995
2069.80005
2069.80005
2050.1001
2030.69995
2028
2050.30005
2033.90002
2062.1001
2063.1001
2088.69995
2110.5
2127
2102
2089
2082.6001
2068
2083.6001
2101.8999
2100.3999
2102.19995
2121.80005
2134.1001
2201.6001
2143.8999
2070.3999
2087
2058.5
2030.90002
1990.19995
2009.09998
2000
1999.19995
1990.30005
2025.5
2016.90002
2065.80005
2064
2094.30005
2093.80005
2127.1001
2142.30005
2144.30005
2147
2122.8999
2120.8999
2152.19995
2148
2166.6001
2162.80005
2153.6001
2125.69995
2126.1001
2086.3999
2086.3999
2075
2104.80005
2108.1001
2156.6001
2176.8999
2222.1001
2239.30005
2234
2219.5
2233.80005
2244.8999
2237.5
2235.80005
2220.19995
2284.6001
2304.5
2339
2326.19995
2316.5
2330.1001
2344.1001
2364.69995
2360.8999
2359.69995
2400.1001
2387.30005
2402
2415
2406.5
2382.19995
2370.5
2360.5
2327.5
2337.5
2340
2331.3999
2355.5
2371.69995
2372
2374.6001
2355.69995
2373.5
2399.80005
2398.5
2378.5
2370.30005
2371.19995
2369.69995
2370.5
2392.30005
2403
2405.3999
2370.69995
2348.80005
2366.6001
2378.3999
2358.5
2380.1001
2379
2371.3999
2345.1001
2346.19995
2295.6001
2265.6001
2265.6001
2277.1001
2287.3999
2311.30005
2282.1001
2269.1001
2284.3999
2222.1001
2212.19995
2214.5
2175.8999
2157
2162.69995
2182
2162.19995
2162.19995
2134.8999
2137.6001
2117.8999
2103.3999
2106.6001
2133.6001
2143.1001
2159.8999
2159.19995
2187.1001
2184.69995
2205.8999
2214.5
2222.1001
2222.1001
2222.1001
2215.5
2217.5
2227.69995
2221.1001
2239.5
2231.6001
2240.69995
2221.6001
2247.8999
2263
2275
2266.19995
2298.19995
2283.8999
2258.8999
2250.30005
2259.69995
2238
2263.8999
2234.8999
2226.1001
2224.5
2222.80005
2234.30005
2250
2230.30005
2216
2230.5
2254.80005
2238.3999
2255.3999
2254.80005
2249.30005
2223.69995
2269.19995
2259.69995
2277
2297.1001
2325.8999
2313.80005
2298.30005
2293.19995
2286.8999
2313.6001
2331
2307.3999
2321.1001
2348.3999
2355.1001
2345.80005
2337.30005
2322
2328.80005
2314.5
2289.8999
2278.6001
2291.1001
2297.1001
2335
2336.8999
2373.8999
2349.1001
2366.19995
2380.1001
2417.8999
2412.6001
2436.30005
2431.30005
2444.5
2451.6001
2463.69995
2434.1001
2422.69995
2422.69995
2398.80005
2395.80005
2362
2362
2362
2353
2360.69995
2342.1001
2358.5
2344.69995
2367
2386.19995
2363.5
2351.3999
2363.5
2346.69995
2353.69995
2327.5
2303.3999
2311.1001
2276.80005
2255.6001
2242
2224.30005
2222.3999
2220.5
2192.30005
2185.1001
2183.1001
2221.3999
2209.80005
2203.3999
2214.69995
2213.19995
2216.69995
2201.69995
2203.80005
2178.19995
2169.6001
2173.1001
2154.1001
2160.1001
2142.6001
2112.19995
2082.1001
2129.3999
2161.8999
2149.30005
2189.69995
2179.1001
2189.30005
2170.1001
2135.5
2163.3999
2233.8999
2237.80005
2218.80005
2218.80005
2247
2277.5
2281.6001
2312.1001
2318.6001
2289.19995
2299.3999
2291.69995
2331.19995
2336.1001
2359.6001
2370.19995
2380.8999
2369.80005
2361.5
2373.80005
2366.5
2382
2401.5
2397.6001
2400.6001
2423.8999
2415.8999
2390.80005
2426
2419.19995
2407.5
2387.8999
2381.30005
2380.80005
2397.3999
2397.3999
2393.1001
2382.3999
2370.80005
2374.69995
2375.1001
2360
2345.80005
2326.19995
2325.8999
2354.19995
2347.30005
2360.3999
2348.1001
2341.5
2327.5
2306.30005
2307.80005
2292.30005
2297
2306
2283.69995
2264.5
2269.3999
2259.1001
2283
2292.30005
2292.5
2273.1001
2274.8999
2273.69995
2258
2256.69995
2250.8999
2195.19995
2189.1001
2161.19995
2162.8999
2174.3999
2165.6001
2151
2182
2209.3999
2206.3999
2179.6001
2167.5
2180
2172.19995
2164.80005
2154.69995
2143.8999
2129.6001
2133.6001
2123
2138.30005
2142.1001
2143.3999
2117.8999
2107.3999
2088.5
2102.6001
2103.3999
2114.3999
2130
2140.30005
2140.30005
2136.6001
2132.69995
2151.6001
2169
2204.69995
2177.30005
2155.80005
2136.69995
2149.8999
2135.69995
2110.6001
2117
2125.1001
2119.6001
2132.80005
2119
2105.69995
2103.1001
2118
2118
2115.69995
2093.3999
2071.19995
2062
2061
2064.3999
2087
2074.3999
2054.69995
2053.6001
2028.69995
2033
2031.30005
2025
2045.69995
2052.5
2078.19995
2082.80005
2079.6001
2075
2049.3999
2071.69995
2070.5
2057
2057
2057
2048.6001
2072.19995
2053.6001
2073.1001
2112.6001
2121.19995
2125.3999
2103
2085.19995
2075.8999
2083.30005
2083.5
2072.80005
2059.19995
2039.69995
2021.30005
2002.40002
1996.69995
2019.5
2016.59998
2033.69995
2061
2065.80005
2042.90002
2033.80005
2047.5
2049.1001
2032.69995
2056.1001
2079.1001
2096.19995
2072.80005
2044.30005
2069.8999
2043.40002
2039.69995
2051.80005
2042.90002
2005.90002
1959.80005
1939
1941.09998
1924.69995
1917.5
1910.80005
1892.09998
1867.69995
1871.80005
1862.09998
1850.90002
1834.09998
1836
1831.5
1811.30005
1799.5
1793
1782.80005
1793.09998
1793.09998
1803.40002
1787.69995
1774
1774
1774
1768.69995
1772.59998
1777.40002
1770.5
1773.69995
1763.19995
1756.09998
1752.59998
1747.90002
1750.30005
1757.90002
1771.69995
1767.40002
1761.59998
1765
1778.69995
1792.40002
1786.90002
1781.5
1794.69995
1833.09998
1837.09998
1821.30005
1811.09998
1823.40002
1823.59998
1807.30005
1802.30005
1794.30005
1802.69995
1823.19995
1825.69995
1840.59998
1819.69995
1834.30005
1837.59998
1843.19995
1857.80005
1852.40002
1858.40002
1852.09998
1850.69995
1846.80005
1848.40002
1859.30005
1864.30005
1862.5
1857
1860
1840.59998
1830.69995
1814.30005
1838.30005
1844.09998
1844.69995
1838.90002
1826.30005
1807.30005
1802.59998
1826.5
1829
1812.5
1808
1792.69995
1792.40002
1788.69995
1796.80005
1772.09998
1759.90002
1766.69995
1769.30005
1765.09998
1756.30005
1744.59998
1738.40002
1739.80005
1756.09998
1768
1764.5
1746.90002
1730.5
1753.59998
1754.80005
1770.69995
1770.69995
1780.19995
1819.19995
1817.90002
1832.30005
1844.30005
1833.90002
1830.90002
1825.30005
1816.80005
1843.40002
1835.19995
1839.90002
1862.59998
1876
1875.90002
1869.69995
1865.09998
1855.5
1862.19995
1853.59998
1841.30005
1840.80005
1837.69995
1838.5
1844.80005
1864.40002
1867.19995
1844.80005
1849.30005
1861.5
1863.30005
1871.30005
1858.5
1876.80005
1877.19995
1855.5
1870
1854.80005
1848
1858.19995
1857.59998
1855.09998
1856.90002
1841.5
1871.30005
1878.90002
1879.30005
1860.09998
1844
1850.09998
1861.90002
1869.30005
1866.19995
1838.80005
1849.80005
1841.5
1828.19995
1820.19995
1832.69995
1819.19995
1810.30005
1805.69995
1784.5
1783.69995
1783.69995
1785.30005
1787.90002
1782.90002
1761.30005
1770.19995
1760.59998
1777.59998
1789.19995
1776.59998
1781.80005
1772.30005
1756.80005
1792.59998
1794.90002
1801.09998
1789.5
1794.69995
1807.19995
1802.19995
1802.19995
1804.40002
1806.30005
1800.80005
1777.59998
1771.59998
1791.90002
1786.80005
1798.90002
1787.80005
1778.59998
1787.19995
1810.40002
1805.30005
1810.5
1779.69995
1761
1745
1737.59998
1742.5
1742.5
1742.5
1756.90002
1765.09998
1746.5
1767.90002
1782.69995
1832.19995
1835.40002
1841.09998
1855.5
1828.09998
1825.69995
1836.5
1819.5
1811.59998
1834.59998
1815.30005
1815
1818.19995
1834.5
1813.30005
1808.69995
1781.90002
1768.80005
1766.5
1782.40002
1760.09998
1757.90002
1747.19995
1729.80005
1736.09998
1748.09998
1734.90002
1739.19995
1734
1729.80005
1718.5
1707.19995
1694.5
1737.80005
1766.90002
1766.30005
1774.40002
1776.90002
1790.80005
1783.90002
1765.19995
1767.30005
1762.19995
1770.90002
1747.19995
1752.80005
1768
1790
1786.69995
1743.40002
1733.40002
1739.19995
1760.19995
1773.40002
1787.19995
1787.09998
1789.59998
1713.90002
1713.90002
1713.90002
1759.80005
1730.30005
1791.09998
1791.09998
1791.09998
1771.40002
1747.40002
1750.19995
1717
1706.19995
1689.80005
1670
1652.59998
1651.59998
1619.59998
1639.30005
1624.40002
1598
1582.69995
1588.40002
1590.30005
1578.5
1579.90002
1651.59998
1660.69995
1664.09998
1689.09998
1657.69995
1633
1639.09998
1663.69995
1660.09998
1684.80005
1678.30005
1702.5
1639.30005
1573.5
1565.19995
1620.80005
1638.80005
1608.09998
1653.90002
1723.69995
1749.80005
1682
1658.40002
1703.90002
1684.09998
1795.19995
1833.19995
1943.80005
1801.59998
2052.30005
2301.8999
2301.8999
2322.8999
2350.19995
2338.5
2366.5
2375.5
2359.80005
2367.8999
2385.80005
2382.19995
2373.80005
2366
2368.30005
2368.1001
2342.6001
2313.3999
2352.3999
2336.19995
2334.80005
2328.30005
2304.5
2279.80005
2264.5
2271.80005
2261.19995
2253.19995
2249.1001
2275
2283.6001
2274.8999
2268.1001
2249.5
2272.80005
2249.69995
2249.69995
2245.80005
2249.6001
2248.1001
2225.1001
2205.80005
2185.30005
2197.6001
2224.80005
2295.3999
2295.3999
2290.1001
2286.1001
2275.3999
2242.19995
2226.19995
2261.3999
2317.3999
2307.80005
2334.30005
2360.8999
2370.5
2383.1001
2359.8999
2333.8999
2346.8999
2340.19995
2344.5
2390.5
2400.69995
2428.69995
2443.3999
2419.19995
2403
2386.6001
2382
2371
2356.8999
2365.3999
2351.8999
2328.1001
2297.3999
2269.80005
2284.1001
2289.30005
2291.30005
2277.19995
2284
2265.5
2244.6001
2266.1001
2293.19995
2320.3999
2309
2307.6001
2289.5
2249.30005
2256.1001
2265.19995
2228.3999
2228.80005
2214.19995
2235.3999
2219.6001
2228.19995
2203
2157.3999
2145.69995
2153.3999
2167.5
2167.5
2153.69995
2174
2214.30005
2192.1001
2189.69995
2180
2163.3999
2143.30005
2163.30005
2126.5
2077.8999
2086.5
2065.1001
2068.5
2068.5
2050.5
2038.59998
2022.09998
1986.59998
2001.5
1968.30005
1955.69995
1940.19995
1949.40002
1949.40002
1949.40002
1922.19995
1908.90002
1917.09998
1936.69995
1962.80005
1976.69995
1987
1989.59998
1965.09998
1987.69995
1973.09998
1997.59998
2002.5
2048.6001
2037.80005
2042.90002
2056.19995
2033
2017.5
1991
2006.59998
2006.30005
1991.80005
2000
1989.69995
1979.40002
1987.69995
1973.69995
1998.19995
2002.80005
2002.69995
1998.30005
1983.09998
1979.19995
1980.19995
1973.09998
1946.80005
1939.69995
1961.5
1930.09998
1952
1942
1925.80005
1898.09998
1878.59998
1895.80005
1874.90002
1910.69995
1898.40002
1866.09998
1846.69995
1828.59998
1832.80005
1808.30005
1798.09998
1812.09998
1814.40002
1781.80005
1795.30005
1777.5
1761.59998
1778.90002
1778.40002
1789
1789
1765.19995
1763.30005
1755.59998
1752.30005
1733.09998
1722.19995
1690.69995
1680
1681.09998
1679
1679
1673.09998
1671.59998
1665.09998
1665.09998
1665.09998
1660.90002
1652.19995
1632.19995
1630.59998
1636.30005
1637.90002
1637
1629.80005
1634
1634.59998
1635.90002
1623.40002
1613.5
1610.09998
1615.09998
1625.5
1617.80005
1636.69995
1632.5
1633
1619.30005
1636.5
1624.90002
1610.69995
1604.30005
1617.5
1628.59998
1644.30005
1644.59998
1654.5
1660.90002
1656.19995
1662.59998
1648.5
1644.40002
1637.69995
1639.19995
1632.09998
1615.80005
1597
1583.59998
1586.19995
1577.09998
1572.5
1589.59998
1591.19995
1590.19995
1610
1605
1607.5
1592.5
1612.30005
1599.40002
1608.59998
1587.80005
1592.30005
1578.90002
1560.80005
1573.09998
1578.30005
1555.80005
1539.19995
1568.59998
1575.90002
1603.40002
1610
1617.09998
1600.40002
1614.19995
1610.40002
1596.69995
1628.30005
1608.59998
1636.5
1663.5
1673.40002
1666.59998
1684.80005
1680.30005
1670.69995
1667.80005
1672.80005
1661.19995
1636.80005
1629.80005
1616.19995
1607.09998
1607.09998
1606.80005
1604.59998
1604.40002
1609
1601.90002
1588.19995
1581
1558.19995
1542.80005
1526.69995
1529.90002
1540.40002
1561.59998
1545.40002
1561.80005
1558.09998
1566.30005
1556.40002
1549.40002
1545.80005
1547.69995
1572.30005
1559.19995
1560.19995
1584.40002
1609.30005
1597.30005
1593
1597.30005
1626.40002
1626.69995
1614.59998
1599
1631
1649.40002
1656.19995
1656.69995
1660.80005
1649.80005
1639.09998
1637.5
1629.40002
1624.90002
1622.80005
1637.19995
1629.59998
1619
1605.30005
1593.59998
1582.40002
1571.80005
1571.40002
1586.40002
1604.59998
1611.90002
1612.59998
1601.40002
1602.19995
1596.5
1602.80005
1609
1624.80005
1612.09998
1617.40002
1617.40002
1598.80005
1591.90002
1585.80005
1573.09998
1564.90002
1575.69995
1594.30005
1623.30005
1603.80005
1601.59998
1602.59998
1610.09998
1636.19995
1652.5
1652.5
1640.09998
1660.5
1656.30005
1628.80005
1622.59998
1615.5
1632.69995
1665.19995
1668
1680.19995
1680.90002
1662
1654.80005
1683.09998
1694.09998
1690.30005
1659
1675.69995
1688.5
1709.69995
1717.59998
1702.90002
1684
1668.80005
1668.80005
1668.80005
1653.90002
1633.80005
1663.90002
1688.30005
1690.09998
1659.80005
1644.40002
1622.59998
1624.40002
1616.69995
1624.5
1597.09998
1572.19995
1573.80005
1566.09998
1569.09998
1548.90002
1534.90002
1543.90002
1549.5
1534.59998
1527.69995
1533
1518
1492.09998
1491.40002
1491.90002
1475.30005
1477.90002
1473.5
1470
1453.90002
1461.5
1445
1426.90002
1424.09998
1431.59998
1425.09998
1435
1429.09998
1421
1426.30005
1405
1392
1382.80005
1390.90002
1378.09998
1378.30005
1396
1394.5
1390.5
1370.09998
1384.59998
1394.5
1379.59998
1404.19995
1415.19995
1424.09998
1429.80005
1420.5
1412.59998
1412.59998
1413.59998
1398.90002
1391.5
1391.5
1391.5
1388.59998
1386.5
1390.69995
1378.80005
1365.40002
1376.5
1381.40002
1378.5
1377.40002
1389.5
1392.19995
1401.90002
1395.30005
1399.59998
1415.59998
1418.5
1439.09998
1429.30005
1438
1431.90002
1455.5
1451
1443.09998
1424.30005
1412.09998
1405.09998
1403.90002
1391.69995
1396.90002
1381.59998
1375.5
1390.09998
1384.80005
1395
1383.69995
1380.90002
1379
1377.19995
1373.80005
1364.40002
1347.80005
1347.59998
1349.59998
1346.40002
1331.5
1340.30005
1341.19995
1335.69995
1326.19995
1320.90002
1321.09998
1322.30005
1314.09998
1308.09998
1303.30005
1306.90002
1313
1305.30005
1305.40002
1296
1290
1280.69995
1270.80005
1275.19995
1280.09998
1292.09998
1298.69995
1306.80005
1294.80005
1296
1300.19995
1308.80005
1313.30005
1302.19995
1311.40002
1329.30005
1332.19995
1322
1326.69995
1335.5
1340.30005
1340.80005
1323.90002
1308.19995
1310.80005
1313.5
1313.5
1309.69995
1313.90002
1307.09998
1294.90002
1299.09998
1302.19995
1293.09998
1285.09998
1288.09998
1286.30005
1286
1286.59998
1287.5
1271.80005
1280.40002
1287.19995
1261.69995
1252.30005
1248.90002
1239.69995
1221.69995
1236.19995
1233.09998
1241.09998
1252.5
1248.59998
1247.30005
1239.5
1243.59998
1230.80005
1238.40002
1230.40002
1239.59998
1258.19995
1260
1249.09998
1239.30005
1250.80005
1246.80005
1234.90002
1234.30005
1236.5
1248.30005
1266.59998
1262
1276.30005
1284.09998
1284
1284.40002
1275.5
1278.90002
1291.40002
1308.09998
1299.59998
1310.59998
1322
1335.90002
1336.59998
1324.59998
1313
1314.69995
1312
1317.40002
1313.80005
1313.80005
1325.30005
1333.80005
1334.09998
1330.80005
1327.40002
1344.19995
1342.40002
1326.5
1333
1315.80005
1306.30005
1307.90002
1305.5
1310.90002
1310.90002
1309.09998
1301.5
1291
1292.90002
1295.30005
1289.5
1285.69995
1284.90002
1294.90002
1299.69995
1305.5
1304
1290.80005
1288.5
1275.80005
1269.30005
1273.09998
1270.19995
1278.5
1278.5
1278.5
1274.80005
1286.80005
1278.30005
1277
1287.09998
1288
1290.40002
1297.80005
1302.90002
1300.69995
1307.19995
1304.5
1300.30005
1309.90002
1299.69995
1295.19995
1300
1290.80005
1288.59998
1285.80005
1285.40002
1274.90002
1265.69995
1250.80005
1259.69995
1258.80005
1259.5
1259.40002
1268.90002
1279.09998
1275.80005
1275.90002
1268.69995
1281.5
1289.80005
1282
1273
1297.5
1295.30005
1296.30005
1289.5
1289.09998
1268.19995
1272.59998
1280.80005
1277.30005
1249.30005
1265.80005
1288
1274.69995
1283.69995
1305.69995
1279
1277.90002
1260.40002
1254.09998
1233.19995
1220.5
1248.59998
1261
1259.19995
1243.5
1229
1214.59998
1206.09998
1220
1232.19995
1232.19995
1225.59998
1210.90002
1205.19995
1205.19995
1205.19995
1204.69995
1207.19995
1220.59998
1216.19995
1212.5
1204.80005
1196.69995
1190.69995
1198.59998
1197.90002
1190.09998
1175.80005
1182.90002
1183.80005
1191.69995
1181.30005
1187.90002
1187.5
1178
1172.30005
1158.80005
1158.19995
1166.80005
1159.09998
1167.40002
1173.5
1164.90002
1181.5
1183.69995
1175.09998
1164.19995
1158.30005
1157.30005
1161.40002
1163.09998
1168.59998
1158.40002
1151
1145.19995
1136.09998
1130.5
1130.09998
1125.40002
1128.30005
1115.40002
1111.30005
1088.90002
1099.80005
1124.30005
1146
1143.69995
1141.30005
1136.5
1136.59998
1139
1135.19995
1127.5
1122.09998
1119.19995
1127.69995
1140.30005
1144.09998
1135.5
1124.90002
1122.09998
1127
1129.30005
1125.19995
1109.90002
1110.5
1109.59998
1105.30005
1103.5
1103.09998
1091.59998
1099.30005
1095.30005
1082.59998
1083.69995
1105.30005
1103.90002
1101.90002
1096
1082.30005
1087.19995
1087.19995
1081.09998
1090.19995
1082.40002
1074.40002
1078
1075.59998
1082.90002
1091.80005
1084.09998
1095.69995
1070.40002
1080.69995
1068.69995
1061.40002
1065
1039.09998
1018.09998
1010.09998
996.5
995.59998
999.09998
996.20001
989.59998
986.90002
1009.79999
1003
1009
1007.79999
1003
995.79999
991.40002
1001.70001
1014.40002
1033.5
1042.30005
1062.40002
1063.30005
1050.19995
1047.59998
1041.40002
1029.30005
1038.30005
1024.30005
1033.09998
1033.09998
1041.59998
1035.59998
1056
1042.59998
1040.09998
1043.80005
1064.69995
1067.09998
1075.90002
1068.59998
1072
1087.90002
1077.80005
1078
1055.80005
1021
1026.59998
1056.09998
1055.5
1055.5
1051.59998
1075.40002
1084.59998
1108.69995
1104.90002
1113
1104.5
1094.59998
1082.40002
1078.69995
1094.40002
1109.90002
1117.59998
1134
1134
1141.5
1140.09998
1136.80005
1138.30005
1138.19995
1130.90002
1119.80005
1105.40002
1108.40002
1108.40002
1108.40002
1116.19995
1110.19995
1105.90002
1129.09998
1117
1110.59998
1105.40002
1096.69995
1096.30005
1102.19995
1093.59998
1095.40002
1108.09998
1112.5
1113.59998
1103.59998
1101.90002
1119.69995
1121.30005
1117.19995
1130.69995
1123.30005
1109.69995
1128.5
1101.09998
1087.69995
1082.5
1063.59998
1060.09998
1055.80005
1055.59998
1064.5
1053.69995
1060.69995
1046.09998
1040.30005
1039.19995
1041.30005
1036.90002
1031.69995
1043
1044.40002
1035.40002
1039
1035
1033
1027
1018.29999
1018
1016.90002
1029.69995
1021.70001
1038.19995
1059.80005
1050.80005
1060.30005
1063
1068.59998
1075.90002
1072.09998
1073.5
1055.19995
1046.80005
1059
1057.80005
1058.69995
1041.90002
1046
1042.69995
1031.30005
1023.40002
1034.30005
1034.59998
1029
1015.79999
998.59998
997.5